2  0.058902275769745646 0.15053763440860216 0.018340026773761713 0.1032258064516129
9  0.07764390896921017 0.15053763440860216 0.0256760374832664 0.1032258064516129
12  0.10441767068273092 0.15053763440860216 0.0256760374832664 0.1032258064516129
15  0.12717536813922356 0.15053763440860216 0.0256760374832664 0.1032258064516129
32  0.15127175368139223 0.15053763440860216 0.02751004016064257 0.1032258064516129
19  0.17938420348058903 0.15053763440860216 0.022008032128514057 0.1032258064516129
9  0.20080321285140562 0.1532258064516129 0.033012048192771086 0.1032258064516129
18  0.22623828647925034 0.1532258064516129 0.029344042838018742 0.1032258064516129
20  0.250334672021419 0.1532258064516129 0.022008032128514057 0.1032258064516129
37  0.2717536813922356 0.1532258064516129 0.022008032128514057 0.1032258064516129
4  0.29049531459170014 0.1532258064516129 0.022008032128514057 0.1032258064516129
22  0.3293172690763052 0.15591397849462366 0.034846050870147256 0.1032258064516129
20  0.3534136546184739 0.15591397849462366 0.020174029451137887 0.1032258064516129
24  0.37349397590361444 0.15591397849462366 0.0256760374832664 0.1032258064516129
0  0.3989290495314592 0.15591397849462366 0.02384203480589023 0.1032258064516129
14  0.41633199464524767 0.15591397849462366 0.02384203480589023 0.1032258064516129
4  0.44712182061579653 0.1586021505376344 0.0385140562248996 0.1032258064516129
13  0.058902275769745646 0.21505376344086022 0.020174029451137887 0.0967741935483871
0  0.0856760374832664 0.21505376344086022 0.0256760374832664 0.0967741935483871
38  0.10441767068273092 0.21505376344086022 0.02384203480589023 0.0967741935483871
0  0.12985274431057564 0.21505376344086022 0.0256760374832664 0.0967741935483871
12  0.15261044176706828 0.21505376344086022 0.02384203480589023 0.0967741935483871
12  0.17269076305220885 0.21505376344086022 0.02384203480589023 0.0967741935483871
0  0.19678714859437751 0.21505376344086022 0.02384203480589023 0.0967741935483871
9  0.2248995983935743 0.21505376344086022 0.03668005354752343 0.0967741935483871
1  0.2958500669344043 0.21505376344086022 0.034846050870147256 0.0967741935483871
9  0.32262382864792505 0.21505376344086022 0.0256760374832664 0.0967741935483871
14  0.3467202141900937 0.21505376344086022 0.0256760374832664 0.0967741935483871
15  0.3708165997322624 0.21505376344086022 0.0256760374832664 0.0967741935483871
9  0.3989290495314592 0.21505376344086022 0.034846050870147256 0.0967741935483871
38  0.05756358768406961 0.3010752688172043 0.02384203480589023 0.09032258064516129
20  0.07898259705488621 0.3010752688172043 0.022008032128514057 0.09032258064516129
24  0.09772423025435073 0.3010752688172043 0.022008032128514057 0.09032258064516129
17  0.12048192771084337 0.3010752688172043 0.0256760374832664 0.09032258064516129
0  0.14323962516733602 0.3010752688172043 0.022008032128514057 0.09032258064516129
9  0.1686746987951807 0.3010752688172043 0.03668005354752343 0.09032258064516129
0  0.2637215528781794 0.3010752688172043 0.022008032128514057 0.09032258064516129
8  0.2878179384203481 0.3010752688172043 0.029344042838018742 0.09032258064516129
18  0.4779116465863454 0.3010752688172043 0.020174029451137887 0.09032258064516129
25  0.060240963855421686 0.739247311827957 0.02384203480589023 0.10967741935483871
2  0.08835341365461848 0.739247311827957 0.02751004016064257 0.10967741935483871
11  0.10977242302543508 0.739247311827957 0.02384203480589023 0.10967741935483871
4  0.13788487282463185 0.739247311827957 0.034846050870147256 0.10967741935483871
4  0.16733601070950468 0.739247311827957 0.022008032128514057 0.10967741935483871
0  0.19009370816599733 0.739247311827957 0.0256760374832664 0.10967741935483871
17  0.21552878179384202 0.739247311827957 0.031178045515394912 0.10967741935483871
25  0.24364123159303883 0.739247311827957 0.040348058902275774 0.10967741935483871
0  0.2784471218206158 0.739247311827957 0.0256760374832664 0.10967741935483871
38  0.29852744310575635 0.739247311827957 0.020174029451137887 0.10967741935483871
17  0.31593038821954483 0.739247311827957 0.02384203480589023 0.10967741935483871
9  0.34404283801874164 0.739247311827957 0.0256760374832664 0.10967741935483871
22  0.37751004016064255 0.739247311827957 0.018340026773761713 0.10967741935483871
20  0.3949129852744311 0.739247311827957 0.02384203480589023 0.10967741935483871
24  0.41767068273092367 0.739247311827957 0.02384203480589023 0.10967741935483871
0  0.4390896921017403 0.739247311827957 0.02384203480589023 0.10967741935483871
14  0.46184738955823296 0.739247311827957 0.0256760374832664 0.10967741935483871
4  0.4926372155287818 0.739247311827957 0.03668005354752343 0.10967741935483871
80  0.25301204819277107 0.21505376344086022 0.022623828647925035 0.10483870967741936
78  0.26907630522088355 0.21505376344086022 0.01566265060240964 0.10483870967741936
81  0.4243641231593039 0.21505376344086022 0.01740294511378849 0.10483870967741936
81  0.4444444444444444 0.21505376344086022 0.029585006693440427 0.10483870967741936
78  0.19544846050870146 0.3010752688172043 0.01740294511378849 0.0978494623655914
87  0.2101740294511379 0.3010752688172043 0.019143239625167334 0.0978494623655914
87  0.23293172690763053 0.3010752688172043 0.024364123159303884 0.0978494623655914
87  0.31057563587684067 0.3010752688172043 0.01740294511378849 0.0978494623655914
85  0.3293172690763052 0.3010752688172043 0.01740294511378849 0.0978494623655914
87  0.3507362784471218 0.3010752688172043 0.019143239625167334 0.0978494623655914
85  0.37349397590361444 0.3010752688172043 0.019143239625167334 0.0978494623655914
79  0.40160642570281124 0.3010752688172043 0.01740294511378849 0.0978494623655914
87  0.4190093708165997 0.3010752688172043 0.019143239625167334 0.0978494623655914
78  0.4364123159303882 0.3010752688172043 0.019143239625167334 0.0978494623655914
86  0.4564926372155288 0.3010752688172043 0.020883534136546183 0.0978494623655914
82  0.751004016064257 0.5967741935483871 0.026104417670682733 0.07338709677419356
78  0.7670682730923695 0.5967741935483871 0.019143239625167334 0.07338709677419356
83  0.785809906291834 0.5967741935483871 0.022623828647925035 0.07338709677419356
79  0.8058902275769746 0.5967741935483871 0.024364123159303884 0.07338709677419356
84  0.8232931726907631 0.5967741935483871 0.024364123159303884 0.07338709677419356
87  0.8380187416331994 0.5967741935483871 0.022623828647925035 0.07338709677419356
81  0.8554216867469879 0.5967741935483871 0.026104417670682733 0.07338709677419356
81  0.8741633199464525 0.5967741935483871 0.026104417670682733 0.07338709677419356
81  0.8902275769745649 0.5967741935483871 0.027844712182061578 0.07338709677419356
