2  0.05756358768406961 0.1532258064516129 0.018340026773761713 0.09032258064516129
9  0.07630522088353414 0.1532258064516129 0.0256760374832664 0.09032258064516129
12  0.10040160642570281 0.1532258064516129 0.0256760374832664 0.09032258064516129
15  0.12449799196787148 0.1532258064516129 0.02751004016064257 0.09032258064516129
32  0.15261044176706828 0.1532258064516129 0.02751004016064257 0.09032258064516129
19  0.1753681392235609 0.1532258064516129 0.020174029451137887 0.09032258064516129
9  0.1994645247657296 0.1532258064516129 0.034846050870147256 0.09032258064516129
22  0.23025435073627845 0.15591397849462366 0.02384203480589023 0.09032258064516129
0  0.25301204819277107 0.15591397849462366 0.022008032128514057 0.09032258064516129
19  0.2717536813922356 0.15591397849462366 0.020174029451137887 0.09032258064516129
12  0.2891566265060241 0.15591397849462366 0.022008032128514057 0.09032258064516129
15  0.3132530120481928 0.15591397849462366 0.0256760374832664 0.09032258064516129
14  0.3373493975903614 0.15591397849462366 0.0256760374832664 0.09032258064516129
21  0.38420348058902276 0.1586021505376344 0.02384203480589023 0.09032258064516129
0  0.4069611780455154 0.1586021505376344 0.02384203480589023 0.09032258064516129
17  0.42704149933065594 0.1586021505376344 0.02384203480589023 0.09032258064516129
22  0.45113788487282463 0.1586021505376344 0.02384203480589023 0.09032258064516129
15  0.47121820615796517 0.1586021505376344 0.02384203480589023 0.09032258064516129
17  0.5020080321285141 0.1586021505376344 0.03668005354752343 0.09032258064516129
24  0.05622489959839357 0.22849462365591397 0.018340026773761713 0.1032258064516129
4  0.09236947791164658 0.22580645161290322 0.031178045515394912 0.1032258064516129
3  0.12048192771084337 0.22580645161290322 0.018340026773761713 0.1032258064516129
20  0.13654618473895583 0.22580645161290322 0.020174029451137887 0.1032258064516129
12  0.1539491298527443 0.22580645161290322 0.02384203480589023 0.1032258064516129
25  0.17804551539491298 0.22580645161290322 0.031178045515394912 0.1032258064516129
0  0.21151271753681392 0.22580645161290322 0.02751004016064257 0.1032258064516129
14  0.23962516733601072 0.22580645161290322 0.0385140562248996 0.1032258064516129
4  0.27041499330655955 0.22580645161290322 0.0256760374832664 0.1032258064516129
1  0.31459170013386883 0.22580645161290322 0.022008032128514057 0.1032258064516129
20  0.3333333333333333 0.22580645161290322 0.022008032128514057 0.1032258064516129
18  0.3534136546184739 0.22311827956989247 0.0256760374832664 0.1032258064516129
19  0.37751004016064255 0.22311827956989247 0.022008032128514057 0.1032258064516129
15  0.3949129852744311 0.22311827956989247 0.022008032128514057 0.1032258064516129
14  0.4243641231593039 0.22311827956989247 0.0385140562248996 0.1032258064516129
25  0.058902275769745646 0.7419354838709677 0.02384203480589023 0.10645161290322581
2  0.0856760374832664 0.739247311827957 0.029344042838018742 0.10645161290322581
11  0.10977242302543508 0.739247311827957 0.02384203480589023 0.10645161290322581
4  0.13654618473895583 0.739247311827957 0.033012048192771086 0.10645161290322581
4  0.16599732262382866 0.739247311827957 0.0256760374832664 0.10645161290322581
0  0.18875502008032127 0.739247311827957 0.02384203480589023 0.10645161290322581
17  0.214190093708166 0.739247311827957 0.031178045515394912 0.10645161290322581
14  0.24364123159303883 0.739247311827957 0.018340026773761713 0.10645161290322581
15  0.26238286479250333 0.739247311827957 0.02751004016064257 0.10645161290322581
38  0.2918340026773762 0.739247311827957 0.02384203480589023 0.10645161290322581
9  0.3092369477911647 0.739247311827957 0.022008032128514057 0.10645161290322581
32  0.3333333333333333 0.7365591397849462 0.02751004016064257 0.10645161290322581
9  0.36412315930388217 0.7365591397849462 0.034846050870147256 0.10645161290322581
21  0.3962516733601071 0.7365591397849462 0.02384203480589023 0.10645161290322581
0  0.42168674698795183 0.7365591397849462 0.0256760374832664 0.10645161290322581
17  0.4431057563587684 0.7365591397849462 0.022008032128514057 0.10645161290322581
22  0.46318607764390896 0.7365591397849462 0.022008032128514057 0.10645161290322581
15  0.48460508701472554 0.7365591397849462 0.0256760374832664 0.10645161290322581
17  0.5127175368139224 0.7365591397849462 0.034846050870147256 0.10645161290322581
79  0.7523427041499331 0.6075268817204301 0.026104417670682733 0.07688172043010753
87  0.7697456492637216 0.6075268817204301 0.026104417670682733 0.07688172043010753
82  0.7884872824631861 0.6075268817204301 0.026104417670682733 0.07688172043010753
84  0.8072289156626506 0.6075268817204301 0.024364123159303884 0.07688172043010753
82  0.8232931726907631 0.6075268817204301 0.026104417670682733 0.07688172043010753
81  0.8406961178045516 0.6075268817204301 0.026104417670682733 0.07688172043010753
87  0.85809906291834 0.6075268817204301 0.024364123159303884 0.07688172043010753
83  0.8755020080321285 0.6075268817204301 0.022623828647925035 0.07688172043010753
84  0.8942436412315931 0.6075268817204301 0.024364123159303884 0.07688172043010753
