2  0.07898259705488621 0.15591397849462366 0.02384203480589023 0.11612903225806451
9  0.10040160642570281 0.15591397849462366 0.022008032128514057 0.11612903225806451
12  0.12182061579651941 0.15591397849462366 0.0256760374832664 0.11612903225806451
15  0.14859437751004015 0.15591397849462366 0.0256760374832664 0.11612903225806451
32  0.17001338688085676 0.15591397849462366 0.0256760374832664 0.11612903225806451
19  0.19544846050870146 0.1586021505376344 0.02384203480589023 0.11612903225806451
9  0.22088353413654618 0.1586021505376344 0.033012048192771086 0.11612903225806451
18  0.250334672021419 0.1586021505376344 0.0256760374832664 0.11612903225806451
20  0.27041499330655955 0.1586021505376344 0.020174029451137887 0.11612903225806451
37  0.2891566265060241 0.1586021505376344 0.022008032128514057 0.11612903225806451
4  0.31057563587684067 0.16129032258064516 0.02384203480589023 0.11612903225806451
1  0.3493975903614458 0.16129032258064516 0.02751004016064257 0.11612903225806451
15  0.37349397590361444 0.16129032258064516 0.0256760374832664 0.11612903225806451
1  0.39759036144578314 0.1639784946236559 0.02751004016064257 0.11612903225806451
15  0.42570281124497994 0.1639784946236559 0.0256760374832664 0.11612903225806451
33  0.4484605087014726 0.1639784946236559 0.0256760374832664 0.11612903225806451
15  0.4738955823293173 0.1639784946236559 0.0256760374832664 0.11612903225806451
14  0.49531459170013387 0.1639784946236559 0.020174029451137887 0.11612903225806451
37  0.5261044176706827 0.16666666666666666 0.02751004016064257 0.11612903225806451
0  0.5475234270414994 0.16666666666666666 0.02384203480589023 0.11612903225806451
21  0.570281124497992 0.16666666666666666 0.02751004016064257 0.11612903225806451
20  0.5970548862115127 0.16666666666666666 0.02384203480589023 0.11612903225806451
17  0.6157965194109772 0.1693548387096774 0.022008032128514057 0.11612903225806451
15  0.6372155287817939 0.1693548387096774 0.0256760374832664 0.11612903225806451
2  0.6680053547523427 0.1693548387096774 0.03668005354752343 0.11612903225806451
33  0.07764390896921017 0.22849462365591397 0.022008032128514057 0.0967741935483871
0  0.09772423025435073 0.22849462365591397 0.022008032128514057 0.0967741935483871
13  0.11512717536813923 0.22849462365591397 0.02751004016064257 0.0967741935483871
15  0.14725568942436412 0.22849462365591397 0.031178045515394912 0.0967741935483871
0  0.17402945113788487 0.22849462365591397 0.02384203480589023 0.0967741935483871
19  0.19410977242302543 0.22849462365591397 0.018340026773761713 0.0967741935483871
9  0.21686746987951808 0.23118279569892472 0.034846050870147256 0.0967741935483871
22  0.2463186077643909 0.23118279569892472 0.020174029451137887 0.0967741935483871
9  0.2677376171352075 0.23118279569892472 0.02384203480589023 0.0967741935483871
18  0.2918340026773762 0.23118279569892472 0.0256760374832664 0.0967741935483871
19  0.31459170013386883 0.23118279569892472 0.022008032128514057 0.0967741935483871
5  0.3333333333333333 0.23387096774193547 0.022008032128514057 0.0967741935483871
2  0.3507362784471218 0.23387096774193547 0.02384203480589023 0.0967741935483871
0  0.37751004016064255 0.23387096774193547 0.0256760374832664 0.0967741935483871
17  0.3989290495314592 0.23387096774193547 0.02384203480589023 0.0967741935483871
8  0.4243641231593039 0.23387096774193547 0.02751004016064257 0.0967741935483871
11  0.45113788487282463 0.23655913978494625 0.018340026773761713 0.0967741935483871
20  0.4685408299866131 0.23655913978494625 0.022008032128514057 0.0967741935483871
24  0.4886211512717537 0.23655913978494625 0.0256760374832664 0.0967741935483871
0  0.5153949129852744 0.23655913978494625 0.02384203480589023 0.0967741935483871
9  0.5421686746987951 0.23655913978494625 0.03668005354752343 0.0967741935483871
0  0.5742971887550201 0.23655913978494625 0.031178045515394912 0.0967741935483871
33  0.6050870147255689 0.239247311827957 0.022008032128514057 0.0967741935483871
15  0.6238286479250335 0.239247311827957 0.02384203480589023 0.0967741935483871
13  0.6479250334672021 0.239247311827957 0.02751004016064257 0.0967741935483871
9  0.6800535475234271 0.239247311827957 0.03668005354752343 0.0967741935483871
22  0.0749665327978581 0.3064516129032258 0.02751004016064257 0.07741935483870967
15  0.09772423025435073 0.3064516129032258 0.03668005354752343 0.07741935483870967
14  0.12315930388219545 0.3064516129032258 0.031178045515394912 0.07741935483870967
0  0.14725568942436412 0.3064516129032258 0.033012048192771086 0.07741935483870967
9  0.17001338688085676 0.3064516129032258 0.031178045515394912 0.07741935483870967
25  0.058902275769745646 0.7473118279569892 0.02384203480589023 0.0935483870967742
2  0.0856760374832664 0.7473118279569892 0.029344042838018742 0.0935483870967742
11  0.10977242302543508 0.7473118279569892 0.02384203480589023 0.0935483870967742
4  0.13654618473895583 0.7473118279569892 0.033012048192771086 0.0935483870967742
4  0.16599732262382866 0.7473118279569892 0.0256760374832664 0.0935483870967742
0  0.18741633199464525 0.7473118279569892 0.02384203480589023 0.0935483870967742
17  0.214190093708166 0.7473118279569892 0.033012048192771086 0.0935483870967742
14  0.24497991967871485 0.7473118279569892 0.018340026773761713 0.0935483870967742
15  0.2637215528781794 0.7473118279569892 0.02751004016064257 0.0935483870967742
38  0.29451137884872824 0.7473118279569892 0.0256760374832664 0.0935483870967742
9  0.3132530120481928 0.7473118279569892 0.02384203480589023 0.0935483870967742
32  0.34002677376171353 0.7473118279569892 0.0256760374832664 0.0935483870967742
9  0.3654618473895582 0.7473118279569892 0.034846050870147256 0.0935483870967742
1  0.3962516733601071 0.7473118279569892 0.020174029451137887 0.0935483870967742
15  0.4190093708165997 0.7473118279569892 0.0256760374832664 0.0935483870967742
1  0.4431057563587684 0.75 0.0256760374832664 0.0935483870967742
15  0.4685408299866131 0.75 0.0256760374832664 0.0935483870967742
24  0.49129852744310576 0.75 0.02384203480589023 0.0935483870967742
15  0.5140562248995983 0.75 0.0256760374832664 0.0935483870967742
14  0.5435073627844712 0.75 0.0385140562248996 0.0935483870967742
37  0.5742971887550201 0.75 0.018340026773761713 0.0935483870967742
0  0.5930388219544847 0.75 0.022008032128514057 0.0935483870967742
21  0.6117804551539491 0.75 0.02751004016064257 0.0935483870967742
20  0.6412315930388219 0.75 0.02384203480589023 0.0935483870967742
17  0.6586345381526104 0.75 0.022008032128514057 0.0935483870967742
15  0.6827309236947792 0.75 0.02751004016064257 0.0935483870967742
2  0.7121820615796519 0.75 0.034846050870147256 0.0935483870967742
81  0.19410977242302543 0.3064516129032258 0.01740294511378849 0.08387096774193549
82  0.214190093708166 0.3064516129032258 0.026104417670682733 0.08387096774193549
83  0.7563587684069611 0.6102150537634409 0.024364123159303884 0.06989247311827958
80  0.7724230254350736 0.6102150537634409 0.022623828647925035 0.06989247311827958
83  0.7911646586345381 0.6102150537634409 0.024364123159303884 0.06989247311827958
83  0.8099062918340026 0.6102150537634409 0.022623828647925035 0.06989247311827958
79  0.8286479250334672 0.6102150537634409 0.024364123159303884 0.06989247311827958
78  0.8447121820615796 0.6102150537634409 0.019143239625167334 0.06989247311827958
82  0.8621151271753681 0.6129032258064516 0.022623828647925035 0.06989247311827958
80  0.8808567603748326 0.6129032258064516 0.022623828647925035 0.06989247311827958
86  0.8995983935742972 0.6129032258064516 0.026104417670682733 0.06989247311827958
