25  0.0642570281124498 0.14516129032258066 0.0256760374832664 0.10967741935483871
0  0.09103078982597054 0.14516129032258066 0.02751004016064257 0.10967741935483871
38  0.11512717536813923 0.14516129032258066 0.022008032128514057 0.10967741935483871
17  0.13386880856760375 0.14516129032258066 0.022008032128514057 0.10967741935483871
9  0.1606425702811245 0.14516129032258066 0.0385140562248996 0.10967741935483871
4  0.1927710843373494 0.14516129032258066 0.022008032128514057 0.10967741935483871
20  0.21285140562248997 0.1478494623655914 0.022008032128514057 0.10967741935483871
25  0.23293172690763053 0.1478494623655914 0.031178045515394912 0.10967741935483871
0  0.27041499330655955 0.1478494623655914 0.029344042838018742 0.10967741935483871
14  0.2918340026773762 0.1478494623655914 0.022008032128514057 0.10967741935483871
1  0.3132530120481928 0.1478494623655914 0.02384203480589023 0.10967741935483871
5  0.33467202141900937 0.1478494623655914 0.02384203480589023 0.10967741935483871
25  0.3815261044176707 0.15053763440860216 0.0256760374832664 0.10967741935483871
15  0.4109772423025435 0.15053763440860216 0.029344042838018742 0.10967741935483871
38  0.43775100401606426 0.15053763440860216 0.022008032128514057 0.10967741935483871
13  0.45515394912985274 0.15053763440860216 0.0256760374832664 0.10967741935483871
0  0.48460508701472554 0.15053763440860216 0.02751004016064257 0.10967741935483871
14  0.5073627844712182 0.1532258064516129 0.022008032128514057 0.10967741935483871
18  0.5274431057563588 0.1532258064516129 0.02384203480589023 0.10967741935483871
20  0.5502008032128514 0.1532258064516129 0.02384203480589023 0.10967741935483871
17  0.5756358768406962 0.1532258064516129 0.031178045515394912 0.10967741935483871
11  0.058902275769745646 0.22580645161290322 0.016506024096385543 0.09999999999999999
20  0.0749665327978581 0.22580645161290322 0.022008032128514057 0.09999999999999999
24  0.0963855421686747 0.22580645161290322 0.02751004016064257 0.09999999999999999
0  0.12449799196787148 0.22580645161290322 0.0256760374832664 0.09999999999999999
9  0.1499330655957162 0.22580645161290322 0.031178045515394912 0.09999999999999999
19  0.18206157965194109 0.22580645161290322 0.02751004016064257 0.09999999999999999
25  0.2101740294511379 0.22580645161290322 0.020174029451137887 0.09999999999999999
0  0.23694779116465864 0.22580645161290322 0.02751004016064257 0.09999999999999999
17  0.2597054886211513 0.22580645161290322 0.02384203480589023 0.09999999999999999
34  0.28112449799196787 0.22580645161290322 0.02384203480589023 0.09999999999999999
9  0.3092369477911647 0.22580645161290322 0.033012048192771086 0.09999999999999999
13  0.34404283801874164 0.22849462365591397 0.03668005354752343 0.09999999999999999
9  0.36947791164658633 0.22849462365591397 0.031178045515394912 0.09999999999999999
14  0.392235609103079 0.22849462365591397 0.031178045515394912 0.09999999999999999
22  0.4484605087014726 0.22849462365591397 0.022008032128514057 0.09999999999999999
15  0.4685408299866131 0.22849462365591397 0.022008032128514057 0.09999999999999999
14  0.4899598393574297 0.22849462365591397 0.0256760374832664 0.09999999999999999
0  0.5167336010709505 0.22849462365591397 0.0256760374832664 0.09999999999999999
9  0.5435073627844712 0.22849462365591397 0.034846050870147256 0.09999999999999999
25  0.0535475234270415 0.7365591397849462 0.02384203480589023 0.1032258064516129
2  0.08299866131191433 0.7365591397849462 0.02751004016064257 0.1032258064516129
11  0.10441767068273092 0.7365591397849462 0.02384203480589023 0.1032258064516129
4  0.12985274431057564 0.7365591397849462 0.0256760374832664 0.1032258064516129
4  0.19143239625167335 0.7365591397849462 0.02384203480589023 0.1032258064516129
0  0.21686746987951808 0.7365591397849462 0.0256760374832664 0.1032258064516129
17  0.24230254350736277 0.7365591397849462 0.029344042838018742 0.1032258064516129
14  0.26907630522088355 0.7365591397849462 0.020174029451137887 0.1032258064516129
15  0.2918340026773762 0.7365591397849462 0.0256760374832664 0.1032258064516129
38  0.31459170013386883 0.7365591397849462 0.02384203480589023 0.1032258064516129
9  0.3373493975903614 0.739247311827957 0.0256760374832664 0.1032258064516129
32  0.3614457831325301 0.739247311827957 0.0256760374832664 0.1032258064516129
9  0.3908969210174029 0.739247311827957 0.033012048192771086 0.1032258064516129
25  0.4203480589022758 0.739247311827957 0.022008032128514057 0.1032258064516129
15  0.4457831325301205 0.739247311827957 0.031178045515394912 0.1032258064516129
38  0.4779116465863454 0.739247311827957 0.0256760374832664 0.1032258064516129
13  0.4979919678714859 0.739247311827957 0.0256760374832664 0.1032258064516129
0  0.5261044176706827 0.739247311827957 0.02751004016064257 0.1032258064516129
14  0.5475234270414994 0.739247311827957 0.02384203480589023 0.1032258064516129
18  0.5729585006693441 0.739247311827957 0.0256760374832664 0.1032258064516129
20  0.5943775100401606 0.739247311827957 0.022008032128514057 0.1032258064516129
17  0.6131191432396251 0.7419354838709677 0.022008032128514057 0.1032258064516129
9  0.6398929049531459 0.7419354838709677 0.0385140562248996 0.1032258064516129
25  0.6733601070950469 0.7419354838709677 0.022008032128514057 0.1032258064516129
4  0.7095046854082999 0.7419354838709677 0.022008032128514057 0.1032258064516129
20  0.7349397590361446 0.7419354838709677 0.022008032128514057 0.1032258064516129
25  0.751004016064257 0.7419354838709677 0.029344042838018742 0.1032258064516129
0  0.7871485943775101 0.7419354838709677 0.02751004016064257 0.1032258064516129
14  0.8045515394912985 0.7419354838709677 0.022008032128514057 0.1032258064516129
1  0.8299866131191432 0.7419354838709677 0.0256760374832664 0.1032258064516129
5  0.8540829986613119 0.7419354838709677 0.031178045515394912 0.1032258064516129
80  0.4190093708165997 0.22849462365591397 0.022623828647925035 0.10833333333333334
81  0.570281124497992 0.23118279569892472 0.026104417670682733 0.10833333333333334
78  0.5876840696117804 0.23118279569892472 0.01740294511378849 0.10833333333333334
80  0.606425702811245 0.23118279569892472 0.022623828647925035 0.10833333333333334
87  0.751004016064257 0.5994623655913979 0.026104417670682733 0.07338709677419356
78  0.7670682730923695 0.5994623655913979 0.020883534136546183 0.07338709677419356
82  0.784471218206158 0.5994623655913979 0.024364123159303884 0.07338709677419356
86  0.8018741633199464 0.5994623655913979 0.024364123159303884 0.07338709677419356
86  0.8192771084337349 0.5994623655913979 0.024364123159303884 0.07338709677419356
87  0.8366800535475234 0.5994623655913979 0.024364123159303884 0.07338709677419356
83  0.8514056224899599 0.5994623655913979 0.022623828647925035 0.07338709677419356
83  0.8674698795180723 0.6021505376344086 0.022623828647925035 0.07338709677419356
87  0.8862115127175368 0.6021505376344086 0.024364123159303884 0.07338709677419356
79  0.16331994645247658 0.7365591397849462 0.020883534136546183 0.11182795698924733
79  0.14323962516733602 0.8091397849462365 0.026104417670682733 0.08387096774193549
