2  0.08165997322623829 0.11559139784946236 0.02751004016064257 0.1193548387096774
9  0.10575635876840696 0.11559139784946236 0.0256760374832664 0.1193548387096774
12  0.13119143239625167 0.11559139784946236 0.02751004016064257 0.1193548387096774
15  0.15930388219544847 0.11827956989247312 0.0256760374832664 0.1193548387096774
32  0.18206157965194109 0.11827956989247312 0.029344042838018742 0.1193548387096774
19  0.214190093708166 0.12096774193548387 0.022008032128514057 0.1193548387096774
9  0.22757697456492637 0.12096774193548387 0.011004016064257029 0.1193548387096774
22  0.26238286479250333 0.12365591397849462 0.02751004016064257 0.1193548387096774
0  0.28647925033467203 0.12365591397849462 0.0256760374832664 0.1193548387096774
19  0.31459170013386883 0.12634408602150538 0.022008032128514057 0.1193548387096774
12  0.3279785809906292 0.12634408602150538 0.018340026773761713 0.1193548387096774
15  0.3493975903614458 0.12634408602150538 0.02751004016064257 0.1193548387096774
14  0.37751004016064255 0.12903225806451613 0.0256760374832664 0.1193548387096774
13  0.41767068273092367 0.12903225806451613 0.031178045515394912 0.1193548387096774
20  0.4444444444444444 0.13172043010752688 0.02751004016064257 0.1193548387096774
27  0.4725568942436412 0.13172043010752688 0.0256760374832664 0.1193548387096774
13  0.49531459170013387 0.13440860215053763 0.029344042838018742 0.1193548387096774
9  0.5261044176706827 0.13440860215053763 0.02751004016064257 0.1193548387096774
14  0.5488621151271754 0.13709677419354838 0.02384203480589023 0.1193548387096774
15  0.5729585006693441 0.13709677419354838 0.0256760374832664 0.1193548387096774
1  0.5997322623828648 0.13709677419354838 0.0256760374832664 0.1193548387096774
15  0.6211512717536813 0.13978494623655913 0.02384203480589023 0.1193548387096774
4  0.6452476572958501 0.13978494623655913 0.022008032128514057 0.1193548387096774
24  0.0856760374832664 0.1989247311827957 0.031178045515394912 0.11612903225806451
4  0.11914323962516733 0.1989247311827957 0.0385140562248996 0.11612903225806451
14  0.14056224899598393 0.1989247311827957 0.020174029451137887 0.11612903225806451
14  0.17938420348058903 0.20161290322580644 0.031178045515394912 0.11612903225806451
0  0.20883534136546184 0.20161290322580644 0.0256760374832664 0.11612903225806451
8  0.23025435073627845 0.20161290322580644 0.02384203480589023 0.11612903225806451
0  0.25167336010709507 0.20430107526881722 0.02384203480589023 0.11612903225806451
17  0.2757697456492637 0.20430107526881722 0.02384203480589023 0.11612903225806451
15  0.2998661311914324 0.20430107526881722 0.0256760374832664 0.11612903225806451
2  0.32396251673360105 0.20698924731182797 0.02384203480589023 0.11612903225806451
4  0.357429718875502 0.20698924731182797 0.020174029451137887 0.11612903225806451
13  0.392235609103079 0.20967741935483872 0.0256760374832664 0.11612903225806451
15  0.41633199464524767 0.20967741935483872 0.02751004016064257 0.11612903225806451
13  0.4444444444444444 0.20967741935483872 0.029344042838018742 0.11612903225806451
0  0.47121820615796517 0.21236559139784947 0.0256760374832664 0.11612903225806451
14  0.49531459170013387 0.21236559139784947 0.0256760374832664 0.11612903225806451
4  0.5220883534136547 0.21236559139784947 0.0256760374832664 0.11612903225806451
9  0.5421686746987951 0.21505376344086022 0.02384203480589023 0.11612903225806451
5  0.5676037483266398 0.21505376344086022 0.0256760374832664 0.11612903225806451
14  0.5930388219544847 0.21505376344086022 0.031178045515394912 0.11612903225806451
25  0.058902275769745646 0.7446236559139785 0.033012048192771086 0.1032258064516129
2  0.08969210174029452 0.7446236559139785 0.029344042838018742 0.1032258064516129
11  0.11378848728246319 0.7446236559139785 0.02384203480589023 0.1032258064516129
4  0.14056224899598393 0.7446236559139785 0.034846050870147256 0.1032258064516129
4  0.1686746987951807 0.7446236559139785 0.029344042838018742 0.1032258064516129
0  0.19410977242302543 0.7446236559139785 0.0256760374832664 0.1032258064516129
17  0.2182061579651941 0.7446236559139785 0.022008032128514057 0.1032258064516129
14  0.24765729585006693 0.7446236559139785 0.029344042838018742 0.1032258064516129
15  0.27041499330655955 0.7446236559139785 0.02751004016064257 0.1032258064516129
38  0.30120481927710846 0.7446236559139785 0.0256760374832664 0.1032258064516129
9  0.31994645247657294 0.7446236559139785 0.02384203480589023 0.1032258064516129
32  0.3467202141900937 0.7446236559139785 0.0256760374832664 0.1032258064516129
9  0.36813922356091033 0.7446236559139785 0.018340026773761713 0.1032258064516129
13  0.3949129852744311 0.7446236559139785 0.0385140562248996 0.1032258064516129
20  0.42971887550200805 0.7446236559139785 0.0256760374832664 0.1032258064516129
27  0.4484605087014726 0.7446236559139785 0.02384203480589023 0.1032258064516129
13  0.47523427041499333 0.7446236559139785 0.029344042838018742 0.1032258064516129
9  0.5046854082998661 0.7446236559139785 0.0256760374832664 0.1032258064516129
14  0.5234270414993306 0.7446236559139785 0.02384203480589023 0.1032258064516129
15  0.5502008032128514 0.7446236559139785 0.0256760374832664 0.1032258064516129
1  0.5742971887550201 0.7446236559139785 0.0256760374832664 0.1032258064516129
15  0.5997322623828648 0.7446236559139785 0.0256760374832664 0.1032258064516129
4  0.6238286479250335 0.7446236559139785 0.022008032128514057 0.1032258064516129
79  0.7630522088353414 0.6075268817204301 0.027844712182061578 0.08037634408602151
81  0.7777777777777778 0.6075268817204301 0.027844712182061578 0.08037634408602151
82  0.7965194109772423 0.6075268817204301 0.024364123159303884 0.08037634408602151
83  0.8139223560910308 0.6075268817204301 0.024364123159303884 0.08037634408602151
85  0.8326639892904953 0.6075268817204301 0.024364123159303884 0.08037634408602151
85  0.8500669344042838 0.6075268817204301 0.024364123159303884 0.08037634408602151
80  0.8674698795180723 0.6075268817204301 0.024364123159303884 0.08037634408602151
78  0.8848728246318608 0.6075268817204301 0.020883534136546183 0.08037634408602151
82  0.9009370816599732 0.6075268817204301 0.026104417670682733 0.08037634408602151
