2  0.05488621151271754 0.14516129032258066 0.02384203480589023 0.12258064516129033
9  0.0749665327978581 0.14516129032258066 0.0256760374832664 0.12258064516129033
12  0.10040160642570281 0.14516129032258066 0.02751004016064257 0.12258064516129033
15  0.12449799196787148 0.14516129032258066 0.0256760374832664 0.12258064516129033
32  0.14725568942436412 0.1478494623655914 0.02751004016064257 0.12258064516129033
19  0.17269076305220885 0.1478494623655914 0.02384203480589023 0.12258064516129033
9  0.1994645247657296 0.1478494623655914 0.0385140562248996 0.12258064516129033
22  0.22757697456492637 0.15053763440860216 0.0256760374832664 0.12258064516129033
0  0.24899598393574296 0.15053763440860216 0.022008032128514057 0.12258064516129033
19  0.2677376171352075 0.15053763440860216 0.022008032128514057 0.12258064516129033
12  0.2878179384203481 0.15053763440860216 0.0256760374832664 0.12258064516129033
15  0.3119143239625167 0.1532258064516129 0.02751004016064257 0.12258064516129033
14  0.3360107095046854 0.1532258064516129 0.02384203480589023 0.12258064516129033
25  0.37215528781793844 0.1532258064516129 0.0513520749665328 0.12258064516129033
0  0.41231593038821956 0.15591397849462366 0.02751004016064257 0.12258064516129033
13  0.43105756358768405 0.15591397849462366 0.0256760374832664 0.12258064516129033
18  0.4605087014725569 0.15591397849462366 0.02751004016064257 0.12258064516129033
9  0.47925033467202144 0.1586021505376344 0.02384203480589023 0.12258064516129033
4  0.5033467202141901 0.1586021505376344 0.02751004016064257 0.12258064516129033
4  0.5274431057563588 0.1586021505376344 0.0256760374832664 0.12258064516129033
9  0.5515394912985274 0.1586021505376344 0.02751004016064257 0.12258064516129033
14  0.5756358768406962 0.16129032258064516 0.02384203480589023 0.12258064516129033
9  0.6050870147255689 0.16129032258064516 0.045850066934404285 0.12258064516129033
25  0.6345381526104418 0.16129032258064516 0.0256760374832664 0.12258064516129033
15  0.6626506024096386 0.1639784946236559 0.029344042838018742 0.12258064516129033
38  0.6867469879518072 0.1639784946236559 0.0256760374832664 0.12258064516129033
9  0.7108433734939759 0.1639784946236559 0.02384203480589023 0.12258064516129033
14  0.7362784471218207 0.16666666666666666 0.034846050870147256 0.12258064516129033
24  0.05220883534136546 0.22849462365591397 0.016506024096385543 0.12258064516129033
4  0.0856760374832664 0.22849462365591397 0.018340026773761713 0.12258064516129033
9  0.13253012048192772 0.22849462365591397 0.034846050870147256 0.12258064516129033
14  0.16198125836680052 0.22849462365591397 0.016506024096385543 0.12258064516129033
13  0.1927710843373494 0.22849462365591397 0.02384203480589023 0.12258064516129033
0  0.22088353413654618 0.22849462365591397 0.02751004016064257 0.12258064516129033
38  0.24497991967871485 0.22849462365591397 0.022008032128514057 0.12258064516129033
13  0.2637215528781794 0.23118279569892472 0.0256760374832664 0.12258064516129033
20  0.2918340026773762 0.23118279569892472 0.0256760374832664 0.12258064516129033
4  0.31057563587684067 0.23118279569892472 0.022008032128514057 0.12258064516129033
15  0.33467202141900937 0.23118279569892472 0.029344042838018742 0.12258064516129033
2  0.3654618473895582 0.23118279569892472 0.034846050870147256 0.12258064516129033
4  0.3949129852744311 0.23118279569892472 0.029344042838018742 0.12258064516129033
5  0.4190093708165997 0.23118279569892472 0.022008032128514057 0.12258064516129033
38  0.43775100401606426 0.23118279569892472 0.022008032128514057 0.12258064516129033
0  0.4605087014725569 0.23118279569892472 0.0256760374832664 0.12258064516129033
9  0.48460508701472554 0.23387096774193547 0.022008032128514057 0.12258064516129033
13  0.5127175368139224 0.23387096774193547 0.033012048192771086 0.12258064516129033
20  0.5408299866131191 0.23387096774193547 0.0256760374832664 0.12258064516129033
12  0.5635876840696118 0.23387096774193547 0.022008032128514057 0.12258064516129033
5  0.5823293172690763 0.23387096774193547 0.022008032128514057 0.12258064516129033
1  0.606425702811245 0.23387096774193547 0.022008032128514057 0.12258064516129033
25  0.05756358768406961 0.7473118279569892 0.029344042838018742 0.11290322580645161
2  0.08835341365461848 0.7473118279569892 0.02751004016064257 0.11290322580645161
11  0.11244979919678715 0.7473118279569892 0.022008032128514057 0.11290322580645161
4  0.12985274431057564 0.7473118279569892 0.016506024096385543 0.11290322580645161
4  0.16599732262382866 0.7473118279569892 0.02751004016064257 0.11290322580645161
0  0.18875502008032127 0.7473118279569892 0.02384203480589023 0.11290322580645161
17  0.21285140562248997 0.7473118279569892 0.022008032128514057 0.11290322580645161
14  0.2463186077643909 0.7473118279569892 0.022008032128514057 0.11290322580645161
15  0.26639892904953144 0.7473118279569892 0.0256760374832664 0.11290322580645161
38  0.29451137884872824 0.7473118279569892 0.0256760374832664 0.11290322580645161
9  0.31459170013386883 0.7473118279569892 0.02384203480589023 0.11290322580645161
32  0.3386880856760375 0.7473118279569892 0.0256760374832664 0.11290322580645161
9  0.3668005354752343 0.7473118279569892 0.03668005354752343 0.11290322580645161
25  0.4002677376171352 0.7473118279569892 0.0256760374832664 0.11290322580645161
0  0.42971887550200805 0.7473118279569892 0.0256760374832664 0.11290322580645161
13  0.4484605087014726 0.7473118279569892 0.0256760374832664 0.11290322580645161
18  0.47925033467202144 0.7473118279569892 0.029344042838018742 0.11290322580645161
9  0.500669344042838 0.7473118279569892 0.02384203480589023 0.11290322580645161
4  0.5247657295850067 0.7473118279569892 0.0256760374832664 0.11290322580645161
4  0.5461847389558233 0.7473118279569892 0.02384203480589023 0.11290322580645161
9  0.570281124497992 0.7473118279569892 0.0256760374832664 0.11290322580645161
14  0.5917001338688086 0.7473118279569892 0.02384203480589023 0.11290322580645161
9  0.6211512717536813 0.7473118279569892 0.0385140562248996 0.11290322580645161
25  0.6559571619812584 0.7473118279569892 0.0256760374832664 0.11290322580645161
15  0.6840696117804551 0.7473118279569892 0.029344042838018742 0.11290322580645161
38  0.7108433734939759 0.7473118279569892 0.022008032128514057 0.11290322580645161
9  0.7282463186077643 0.7473118279569892 0.022008032128514057 0.11290322580645161
14  0.7563587684069611 0.7473118279569892 0.0385140562248996 0.11290322580645161
79  0.751004016064257 0.6075268817204301 0.026104417670682733 0.07688172043010753
82  0.7697456492637216 0.6075268817204301 0.026104417670682733 0.07688172043010753
82  0.7871485943775101 0.6075268817204301 0.026104417670682733 0.07688172043010753
79  0.8045515394912985 0.6075268817204301 0.026104417670682733 0.07688172043010753
86  0.821954484605087 0.6075268817204301 0.026104417670682733 0.07688172043010753
81  0.8406961178045516 0.6075268817204301 0.027844712182061578 0.07688172043010753
81  0.85809906291834 0.6075268817204301 0.027844712182061578 0.07688172043010753
82  0.8755020080321285 0.6075268817204301 0.026104417670682733 0.07688172043010753
78  0.891566265060241 0.6075268817204301 0.022623828647925035 0.07688172043010753
