25  0.06693440428380187 0.13172043010752688 0.02751004016064257 0.09999999999999999
0  0.09772423025435073 0.13172043010752688 0.02751004016064257 0.09999999999999999
38  0.11914323962516733 0.13172043010752688 0.02384203480589023 0.09999999999999999
17  0.14323962516733602 0.13172043010752688 0.02384203480589023 0.09999999999999999
20  0.1686746987951807 0.13172043010752688 0.031178045515394912 0.09999999999999999
14  0.19812583668005354 0.13440860215053763 0.018340026773761713 0.09999999999999999
15  0.21954484605087016 0.13440860215053763 0.0256760374832664 0.09999999999999999
38  0.24230254350736277 0.13440860215053763 0.02384203480589023 0.09999999999999999
9  0.2637215528781794 0.13440860215053763 0.02751004016064257 0.09999999999999999
32  0.2931726907630522 0.13440860215053763 0.0256760374832664 0.09999999999999999
38  0.3132530120481928 0.13709677419354838 0.02384203480589023 0.09999999999999999
15  0.3373493975903614 0.13709677419354838 0.02751004016064257 0.09999999999999999
9  0.36813922356091033 0.13709677419354838 0.033012048192771086 0.09999999999999999
19  0.4002677376171352 0.13709677419354838 0.02384203480589023 0.09999999999999999
15  0.41767068273092367 0.13709677419354838 0.022008032128514057 0.09999999999999999
1  0.4404283801874163 0.13978494623655913 0.02751004016064257 0.09999999999999999
5  0.46586345381526106 0.13978494623655913 0.02384203480589023 0.09999999999999999
9  0.49129852744310576 0.13978494623655913 0.031178045515394912 0.09999999999999999
13  0.5234270414993306 0.13978494623655913 0.022008032128514057 0.09999999999999999
0  0.5502008032128514 0.1424731182795699 0.0256760374832664 0.09999999999999999
17  0.570281124497992 0.1424731182795699 0.022008032128514057 0.09999999999999999
11  0.5917001338688086 0.1424731182795699 0.022008032128514057 0.09999999999999999
0  0.6117804551539491 0.1424731182795699 0.0256760374832664 0.09999999999999999
8  0.6372155287817939 0.1424731182795699 0.022008032128514057 0.09999999999999999
18  0.6800535475234271 0.14516129032258066 0.029344042838018742 0.09999999999999999
0  0.7028112449799196 0.14516129032258066 0.033012048192771086 0.09999999999999999
14  0.7269076305220884 0.14516129032258066 0.029344042838018742 0.09999999999999999
3  0.7483266398929049 0.14516129032258066 0.02384203480589023 0.09999999999999999
2  0.7684069611780455 0.14516129032258066 0.029344042838018742 0.09999999999999999
15  0.7925033467202142 0.1478494623655914 0.033012048192771086 0.09999999999999999
17  0.8152610441767069 0.1478494623655914 0.02751004016064257 0.09999999999999999
24  0.0642570281124498 0.1989247311827957 0.020174029451137887 0.11290322580645161
4  0.10040160642570281 0.1989247311827957 0.031178045515394912 0.11290322580645161
2  0.12985274431057564 0.1989247311827957 0.018340026773761713 0.11290322580645161
0  0.15261044176706828 0.1989247311827957 0.0256760374832664 0.11290322580645161
22  0.17402945113788487 0.20161290322580644 0.02384203480589023 0.11290322580645161
9  0.19678714859437751 0.20161290322580644 0.02384203480589023 0.11290322580645161
6  0.22356091030789826 0.20161290322580644 0.033012048192771086 0.11290322580645161
4  0.2570281124497992 0.20161290322580644 0.034846050870147256 0.11290322580645161
4  0.2958500669344043 0.20430107526881722 0.0256760374832664 0.11290322580645161
0  0.31994645247657294 0.20430107526881722 0.0256760374832664 0.11290322580645161
25  0.3413654618473896 0.20430107526881722 0.031178045515394912 0.11290322580645161
19  0.37751004016064255 0.20430107526881722 0.02751004016064257 0.11290322580645161
9  0.3962516733601071 0.20698924731182797 0.022008032128514057 0.11290322580645161
25  0.4190093708165997 0.20698924731182797 0.029344042838018742 0.11290322580645161
5  0.45113788487282463 0.20698924731182797 0.029344042838018742 0.11290322580645161
17  0.4779116465863454 0.20698924731182797 0.029344042838018742 0.11290322580645161
25  0.05488621151271754 0.7473118279569892 0.02384203480589023 0.10645161290322581
2  0.08165997322623829 0.7446236559139785 0.029344042838018742 0.10645161290322581
11  0.10575635876840696 0.7446236559139785 0.02384203480589023 0.10645161290322581
4  0.13253012048192772 0.7446236559139785 0.034846050870147256 0.10645161290322581
4  0.16198125836680052 0.7446236559139785 0.02384203480589023 0.10645161290322581
0  0.18340026773761714 0.7446236559139785 0.02384203480589023 0.10645161290322581
17  0.21151271753681392 0.7446236559139785 0.03668005354752343 0.10645161290322581
14  0.24230254350736277 0.7446236559139785 0.020174029451137887 0.10645161290322581
15  0.2637215528781794 0.7446236559139785 0.0256760374832664 0.10645161290322581
38  0.2878179384203481 0.7419354838709677 0.02384203480589023 0.10645161290322581
9  0.3092369477911647 0.7419354838709677 0.0256760374832664 0.10645161290322581
32  0.33467202141900937 0.7419354838709677 0.0256760374832664 0.10645161290322581
9  0.3627844712182062 0.7419354838709677 0.034846050870147256 0.10645161290322581
18  0.3949129852744311 0.7419354838709677 0.02384203480589023 0.10645161290322581
0  0.41767068273092367 0.7419354838709677 0.02384203480589023 0.10645161290322581
14  0.4390896921017403 0.7419354838709677 0.0256760374832664 0.10645161290322581
3  0.464524765729585 0.7419354838709677 0.022008032128514057 0.10645161290322581
2  0.48058902275769744 0.7419354838709677 0.022008032128514057 0.10645161290322581
15  0.5033467202141901 0.739247311827957 0.02751004016064257 0.10645161290322581
17  0.5314591700133868 0.739247311827957 0.031178045515394912 0.10645161290322581
78  0.751004016064257 0.6048387096774194 0.020883534136546183 0.07338709677419356
84  0.7684069611780455 0.6048387096774194 0.026104417670682733 0.07338709677419356
82  0.7871485943775101 0.6048387096774194 0.026104417670682733 0.07338709677419356
87  0.8045515394912985 0.6048387096774194 0.026104417670682733 0.07338709677419356
80  0.8246318607764391 0.6048387096774194 0.024364123159303884 0.07338709677419356
87  0.8406961178045516 0.6048387096774194 0.026104417670682733 0.07338709677419356
82  0.8594377510040161 0.6048387096774194 0.024364123159303884 0.07338709677419356
84  0.8768406961178046 0.6048387096774194 0.026104417670682733 0.07338709677419356
79  0.8955823293172691 0.6048387096774194 0.027844712182061578 0.07338709677419356
