2  0.060240963855421686 0.13172043010752688 0.02384203480589023 0.10645161290322581
9  0.0856760374832664 0.13172043010752688 0.0256760374832664 0.10645161290322581
12  0.10977242302543508 0.13172043010752688 0.0256760374832664 0.10645161290322581
15  0.13386880856760375 0.13172043010752688 0.0256760374832664 0.10645161290322581
32  0.1566265060240964 0.13172043010752688 0.02751004016064257 0.10645161290322581
19  0.18607764390896922 0.13172043010752688 0.022008032128514057 0.10645161290322581
9  0.20214190093708165 0.13172043010752688 0.014672021419009371 0.10645161290322581
22  0.23828647925033467 0.13172043010752688 0.029344042838018742 0.10645161290322581
0  0.26104417670682734 0.13172043010752688 0.02384203480589023 0.10645161290322581
19  0.28647925033467203 0.13440860215053763 0.022008032128514057 0.10645161290322581
12  0.30254350736278446 0.13440860215053763 0.022008032128514057 0.10645161290322581
15  0.32663989290495316 0.13440860215053763 0.0256760374832664 0.10645161290322581
14  0.3507362784471218 0.13440860215053763 0.0256760374832664 0.10645161290322581
2  0.39759036144578314 0.13440860215053763 0.020174029451137887 0.10645161290322581
0  0.4190093708165997 0.13440860215053763 0.0256760374832664 0.10645161290322581
22  0.44176706827309237 0.13440860215053763 0.02384203480589023 0.10645161290322581
25  0.4738955823293173 0.13440860215053763 0.04768406961178046 0.10645161290322581
33  0.0642570281124498 0.21505376344086022 0.031178045515394912 0.12258064516129033
13  0.08969210174029452 0.21236559139784947 0.03668005354752343 0.12258064516129033
17  0.13119143239625167 0.21236559139784947 0.020174029451137887 0.12258064516129033
4  0.17269076305220885 0.21236559139784947 0.02751004016064257 0.12258064516129033
0  0.19678714859437751 0.21236559139784947 0.0256760374832664 0.12258064516129033
11  0.22088353413654618 0.21236559139784947 0.02384203480589023 0.12258064516129033
9  0.2463186077643909 0.21236559139784947 0.033012048192771086 0.12258064516129033
4  0.27309236947791166 0.21236559139784947 0.029344042838018742 0.12258064516129033
5  0.2971887550200803 0.21236559139784947 0.0256760374832664 0.12258064516129033
38  0.321285140562249 0.20967741935483872 0.02384203480589023 0.12258064516129033
16  0.3654618473895582 0.20967741935483872 0.022008032128514057 0.12258064516129033
0  0.3895582329317269 0.20967741935483872 0.02751004016064257 0.12258064516129033
22  0.41365461847389556 0.20967741935483872 0.0256760374832664 0.12258064516129033
19  0.43775100401606426 0.20967741935483872 0.020174029451137887 0.12258064516129033
0  0.45113788487282463 0.20967741935483872 0.022008032128514057 0.12258064516129033
11  0.47523427041499333 0.20967741935483872 0.0256760374832664 0.12258064516129033
0  0.49531459170013387 0.20967741935483872 0.02384203480589023 0.12258064516129033
10  0.5194109772423026 0.20967741935483872 0.02751004016064257 0.12258064516129033
14  0.5435073627844712 0.20967741935483872 0.0256760374832664 0.12258064516129033
0  0.5662650602409639 0.20698924731182797 0.0256760374832664 0.12258064516129033
17  0.5943775100401606 0.20698924731182797 0.033012048192771086 0.12258064516129033
25  0.05220883534136546 0.75 0.02384203480589023 0.11290322580645161
2  0.08032128514056225 0.7473118279569892 0.029344042838018742 0.11290322580645161
11  0.107095046854083 0.7473118279569892 0.022008032128514057 0.11290322580645161
4  0.13119143239625167 0.7473118279569892 0.034846050870147256 0.11290322580645161
4  0.15796519410977242 0.7473118279569892 0.034846050870147256 0.11290322580645161
0  0.18473895582329317 0.7473118279569892 0.02384203480589023 0.11290322580645161
17  0.21151271753681392 0.7473118279569892 0.033012048192771086 0.11290322580645161
14  0.24096385542168675 0.7446236559139785 0.020174029451137887 0.11290322580645161
15  0.2597054886211513 0.7446236559139785 0.02751004016064257 0.11290322580645161
38  0.2918340026773762 0.7446236559139785 0.0256760374832664 0.11290322580645161
9  0.3078982597054886 0.7446236559139785 0.02384203480589023 0.11290322580645161
32  0.3360107095046854 0.7446236559139785 0.0256760374832664 0.11290322580645161
9  0.3627844712182062 0.7446236559139785 0.033012048192771086 0.11290322580645161
2  0.39357429718875503 0.7419354838709677 0.02384203480589023 0.11290322580645161
0  0.4149933065595716 0.7419354838709677 0.022008032128514057 0.11290322580645161
22  0.4350736278447122 0.7419354838709677 0.02384203480589023 0.11290322580645161
25  0.46720214190093706 0.7419354838709677 0.04768406961178046 0.11290322580645161
79  0.7523427041499331 0.6129032258064516 0.027844712182061578 0.07338709677419356
86  0.7697456492637216 0.6129032258064516 0.024364123159303884 0.07338709677419356
83  0.7871485943775101 0.6129032258064516 0.024364123159303884 0.07338709677419356
81  0.8045515394912985 0.6129032258064516 0.024364123159303884 0.07338709677419356
80  0.8246318607764391 0.6129032258064516 0.022623828647925035 0.07338709677419356
85  0.8420348058902276 0.6129032258064516 0.024364123159303884 0.07338709677419356
85  0.8594377510040161 0.6129032258064516 0.024364123159303884 0.07338709677419356
84  0.8781793842034806 0.6129032258064516 0.022623828647925035 0.07338709677419356
86  0.8955823293172691 0.6129032258064516 0.024364123159303884 0.07338709677419356
