2  0.05756358768406961 0.1478494623655914 0.020174029451137887 0.0935483870967742
9  0.07630522088353414 0.1478494623655914 0.0256760374832664 0.0935483870967742
12  0.10441767068273092 0.1478494623655914 0.0256760374832664 0.0935483870967742
15  0.12449799196787148 0.1478494623655914 0.0256760374832664 0.0935483870967742
32  0.15127175368139223 0.1478494623655914 0.02751004016064257 0.0935483870967742
19  0.17670682730923695 0.1478494623655914 0.022008032128514057 0.0935483870967742
9  0.19812583668005354 0.1478494623655914 0.029344042838018742 0.0935483870967742
22  0.22757697456492637 0.1478494623655914 0.022008032128514057 0.0935483870967742
0  0.24899598393574296 0.1478494623655914 0.022008032128514057 0.0935483870967742
19  0.2677376171352075 0.1478494623655914 0.020174029451137887 0.0935483870967742
12  0.285140562248996 0.15053763440860216 0.022008032128514057 0.0935483870967742
15  0.3092369477911647 0.15053763440860216 0.0256760374832664 0.0935483870967742
14  0.3333333333333333 0.15053763440860216 0.0256760374832664 0.0935483870967742
2  0.3828647925033467 0.15053763440860216 0.029344042838018742 0.0935483870967742
15  0.40562248995983935 0.15053763440860216 0.033012048192771086 0.0935483870967742
18  0.42971887550200805 0.15053763440860216 0.029344042838018742 0.0935483870967742
5  0.4524765729585007 0.15053763440860216 0.02751004016064257 0.0935483870967742
27  0.47657295850066933 0.15053763440860216 0.0385140562248996 0.0935483870967742
24  0.060240963855421686 0.21505376344086022 0.0256760374832664 0.1032258064516129
4  0.09103078982597054 0.21505376344086022 0.0385140562248996 0.1032258064516129
22  0.12449799196787148 0.21505376344086022 0.02751004016064257 0.1032258064516129
17  0.15127175368139223 0.21505376344086022 0.016506024096385543 0.1032258064516129
0  0.1713520749665328 0.21505376344086022 0.02384203480589023 0.1032258064516129
24  0.19410977242302543 0.21505376344086022 0.0256760374832664 0.1032258064516129
0  0.21686746987951808 0.21774193548387097 0.02384203480589023 0.1032258064516129
1  0.23962516733601072 0.21774193548387097 0.022008032128514057 0.1032258064516129
15  0.2597054886211513 0.21774193548387097 0.0256760374832664 0.1032258064516129
2  0.29049531459170014 0.21774193548387097 0.03668005354752343 0.1032258064516129
4  0.31994645247657294 0.21774193548387097 0.02384203480589023 0.1032258064516129
5  0.3413654618473896 0.21774193548387097 0.02384203480589023 0.1032258064516129
38  0.36412315930388217 0.21774193548387097 0.0256760374832664 0.1032258064516129
0  0.38821954484605087 0.22043010752688172 0.022008032128514057 0.1032258064516129
9  0.41231593038821956 0.22043010752688172 0.033012048192771086 0.1032258064516129
14  0.44176706827309237 0.22043010752688172 0.016506024096385543 0.1032258064516129
0  0.46184738955823296 0.22043010752688172 0.02384203480589023 0.1032258064516129
2  0.48460508701472554 0.22043010752688172 0.0256760374832664 0.1032258064516129
4  0.5073627844712182 0.22043010752688172 0.02384203480589023 0.1032258064516129
5  0.5301204819277109 0.22311827956989247 0.0256760374832664 0.1032258064516129
22  0.5582329317269076 0.22311827956989247 0.033012048192771086 0.1032258064516129
25  0.060240963855421686 0.7473118279569892 0.0256760374832664 0.1032258064516129
2  0.08701472556894244 0.7446236559139785 0.0256760374832664 0.1032258064516129
11  0.10575635876840696 0.7446236559139785 0.02384203480589023 0.1032258064516129
4  0.13520749665327977 0.7446236559139785 0.034846050870147256 0.1032258064516129
4  0.1646586345381526 0.7446236559139785 0.02384203480589023 0.1032258064516129
0  0.19009370816599733 0.7446236559139785 0.022008032128514057 0.1032258064516129
17  0.21285140562248997 0.7446236559139785 0.033012048192771086 0.1032258064516129
14  0.2463186077643909 0.7446236559139785 0.029344042838018742 0.1032258064516129
15  0.27041499330655955 0.7419354838709677 0.034846050870147256 0.1032258064516129
38  0.29451137884872824 0.7419354838709677 0.031178045515394912 0.1032258064516129
9  0.3172690763052209 0.7419354838709677 0.029344042838018742 0.1032258064516129
32  0.34002677376171353 0.7419354838709677 0.031178045515394912 0.1032258064516129
9  0.36412315930388217 0.7419354838709677 0.029344042838018742 0.1032258064516129
2  0.3949129852744311 0.7419354838709677 0.020174029451137887 0.1032258064516129
15  0.41231593038821956 0.7419354838709677 0.02384203480589023 0.1032258064516129
18  0.4364123159303882 0.7419354838709677 0.02751004016064257 0.1032258064516129
5  0.46184738955823296 0.739247311827957 0.0256760374832664 0.1032258064516129
27  0.4926372155287818 0.739247311827957 0.040348058902275774 0.1032258064516129
78  0.7456492637215528 0.6102150537634409 0.020883534136546183 0.07688172043010753
86  0.7643908969210174 0.6102150537634409 0.024364123159303884 0.07688172043010753
83  0.7817938420348058 0.6102150537634409 0.024364123159303884 0.07688172043010753
78  0.7991967871485943 0.6102150537634409 0.020883534136546183 0.07688172043010753
86  0.8179384203480589 0.6102150537634409 0.026104417670682733 0.07688172043010753
83  0.8353413654618473 0.6102150537634409 0.024364123159303884 0.07688172043010753
80  0.8540829986613119 0.6102150537634409 0.024364123159303884 0.07688172043010753
84  0.8701472556894244 0.6102150537634409 0.027844712182061578 0.07688172043010753
79  0.8875502008032129 0.6102150537634409 0.026104417670682733 0.07688172043010753
