25  0.06827309236947791 0.15053763440860216 0.029344042838018742 0.12258064516129033
0  0.10040160642570281 0.15053763440860216 0.0256760374832664 0.12258064516129033
38  0.11914323962516733 0.15053763440860216 0.022008032128514057 0.12258064516129033
17  0.14323962516733602 0.1532258064516129 0.022008032128514057 0.12258064516129033
20  0.1606425702811245 0.1532258064516129 0.016506024096385543 0.12258064516129033
14  0.19009370816599733 0.1532258064516129 0.033012048192771086 0.12258064516129033
15  0.2182061579651941 0.1532258064516129 0.0256760374832664 0.12258064516129033
38  0.23962516733601072 0.15591397849462366 0.02384203480589023 0.12258064516129033
9  0.2637215528781794 0.15591397849462366 0.0256760374832664 0.12258064516129033
32  0.28647925033467203 0.15591397849462366 0.02384203480589023 0.12258064516129033
38  0.31057563587684067 0.1586021505376344 0.022008032128514057 0.12258064516129033
15  0.3293172690763052 0.1586021505376344 0.022008032128514057 0.12258064516129033
9  0.3534136546184739 0.1586021505376344 0.022008032128514057 0.12258064516129033
19  0.3908969210174029 0.16129032258064516 0.022008032128514057 0.12258064516129033
15  0.40963855421686746 0.16129032258064516 0.022008032128514057 0.12258064516129033
1  0.4323962516733601 0.16129032258064516 0.0256760374832664 0.12258064516129033
5  0.45515394912985274 0.1639784946236559 0.02384203480589023 0.12258064516129033
9  0.47925033467202144 0.1639784946236559 0.022008032128514057 0.12258064516129033
13  0.5113788487282463 0.1639784946236559 0.033012048192771086 0.12258064516129033
0  0.5394912985274432 0.16666666666666666 0.022008032128514057 0.12258064516129033
17  0.5582329317269076 0.16666666666666666 0.022008032128514057 0.12258064516129033
11  0.5823293172690763 0.16666666666666666 0.022008032128514057 0.12258064516129033
0  0.6010709504685409 0.1693548387096774 0.022008032128514057 0.12258064516129033
8  0.6238286479250335 0.1693548387096774 0.022008032128514057 0.12258064516129033
19  0.6613119143239625 0.1693548387096774 0.022008032128514057 0.12258064516129033
20  0.678714859437751 0.17204301075268819 0.020174029451137887 0.12258064516129033
17  0.6987951807228916 0.17204301075268819 0.022008032128514057 0.12258064516129033
18  0.7215528781793842 0.17204301075268819 0.022008032128514057 0.12258064516129033
20  0.7389558232931727 0.17204301075268819 0.020174029451137887 0.12258064516129033
14  0.7590361445783133 0.17473118279569894 0.0256760374832664 0.12258064516129033
8  0.785809906291834 0.17473118279569894 0.02384203480589023 0.12258064516129033
15  0.8058902275769746 0.17473118279569894 0.022008032128514057 0.12258064516129033
4  0.8299866131191432 0.1774193548387097 0.0256760374832664 0.12258064516129033
0  0.8514056224899599 0.1774193548387097 0.020174029451137887 0.12258064516129033
24  0.06157965194109773 0.22311827956989247 0.029344042838018742 0.12580645161290321
0  0.0856760374832664 0.22311827956989247 0.02384203480589023 0.12580645161290321
13  0.10575635876840696 0.22311827956989247 0.0256760374832664 0.12580645161290321
15  0.13386880856760375 0.22311827956989247 0.02751004016064257 0.12580645161290321
0  0.15796519410977242 0.22311827956989247 0.0256760374832664 0.12580645161290321
19  0.18206157965194109 0.22580645161290322 0.020174029451137887 0.12580645161290321
9  0.19678714859437751 0.22580645161290322 0.014672021419009371 0.12580645161290321
11  0.23025435073627845 0.22580645161290322 0.029344042838018742 0.12580645161290321
0  0.2543507362784471 0.22580645161290322 0.022008032128514057 0.12580645161290321
17  0.27309236947791166 0.22580645161290322 0.02384203480589023 0.12580645161290321
0  0.2971887550200803 0.22849462365591397 0.02384203480589023 0.12580645161290321
19  0.31593038821954483 0.22849462365591397 0.020174029451137887 0.12580645161290321
15  0.3360107095046854 0.22849462365591397 0.022008032128514057 0.12580645161290321
37  0.35475234270414996 0.22849462365591397 0.018340026773761713 0.12580645161290321
4  0.38420348058902276 0.22849462365591397 0.029344042838018742 0.12580645161290321
5  0.40829986613119146 0.23118279569892472 0.02384203480589023 0.12580645161290321
38  0.43105756358768405 0.23118279569892472 0.0256760374832664 0.12580645161290321
0  0.45515394912985274 0.23118279569892472 0.02384203480589023 0.12580645161290321
9  0.47523427041499333 0.23118279569892472 0.018340026773761713 0.12580645161290321
34  0.5087014725568942 0.23387096774193547 0.029344042838018742 0.12580645161290321
0  0.5327978580990629 0.23387096774193547 0.022008032128514057 0.12580645161290321
17  0.5515394912985274 0.23387096774193547 0.020174029451137887 0.12580645161290321
0  0.570281124497992 0.23387096774193547 0.022008032128514057 0.12580645161290321
19  0.5903614457831325 0.23387096774193547 0.022008032128514057 0.12580645161290321
15  0.6091030789825971 0.23655913978494625 0.018340026773761713 0.12580645161290321
25  0.05622489959839357 0.7446236559139785 0.02751004016064257 0.10645161290322581
2  0.0856760374832664 0.7446236559139785 0.02751004016064257 0.10645161290322581
11  0.107095046854083 0.7446236559139785 0.02384203480589023 0.10645161290322581
4  0.13520749665327977 0.7446236559139785 0.034846050870147256 0.10645161290322581
4  0.16331994645247658 0.7446236559139785 0.0256760374832664 0.10645161290322581
0  0.18741633199464525 0.7446236559139785 0.022008032128514057 0.10645161290322581
17  0.21552878179384202 0.7446236559139785 0.045850066934404285 0.10645161290322581
25  0.24230254350736277 0.7473118279569892 0.02384203480589023 0.10645161290322581
0  0.2717536813922356 0.7473118279569892 0.029344042838018742 0.10645161290322581
38  0.29852744310575635 0.7473118279569892 0.022008032128514057 0.10645161290322581
17  0.31593038821954483 0.7473118279569892 0.022008032128514057 0.10645161290322581
9  0.3427041499330656 0.7473118279569892 0.03668005354752343 0.10645161290322581
19  0.37349397590361444 0.75 0.022008032128514057 0.10645161290322581
20  0.3908969210174029 0.75 0.018340026773761713 0.10645161290322581
17  0.40829986613119146 0.75 0.0256760374832664 0.10645161290322581
18  0.4350736278447122 0.75 0.0256760374832664 0.10645161290322581
20  0.4578313253012048 0.75 0.022008032128514057 0.10645161290322581
14  0.4738955823293173 0.75 0.02384203480589023 0.10645161290322581
8  0.499330655957162 0.75 0.02384203480589023 0.10645161290322581
15  0.5180722891566265 0.75 0.02384203480589023 0.10645161290322581
4  0.5448460508701473 0.7526881720430108 0.029344042838018742 0.10645161290322581
0  0.5742971887550201 0.7526881720430108 0.029344042838018742 0.10645161290322581
87  0.7469879518072289 0.6075268817204301 0.026104417670682733 0.06989247311827958
84  0.7643908969210174 0.6075268817204301 0.024364123159303884 0.06989247311827958
83  0.7804551539491299 0.6075268817204301 0.024364123159303884 0.06989247311827958
87  0.7991967871485943 0.6075268817204301 0.024364123159303884 0.06989247311827958
79  0.8179384203480589 0.6075268817204301 0.024364123159303884 0.06989247311827958
82  0.8353413654618473 0.6075268817204301 0.024364123159303884 0.06989247311827958
79  0.8540829986613119 0.6075268817204301 0.024364123159303884 0.06989247311827958
87  0.8701472556894244 0.6075268817204301 0.024364123159303884 0.06989247311827958
85  0.8888888888888888 0.6075268817204301 0.024364123159303884 0.06989247311827958
