2  0.058902275769745646 0.15053763440860216 0.02384203480589023 0.09032258064516129
9  0.07764390896921017 0.15053763440860216 0.02384203480589023 0.09032258064516129
12  0.10174029451137885 0.15053763440860216 0.0256760374832664 0.09032258064516129
15  0.12449799196787148 0.15053763440860216 0.0256760374832664 0.09032258064516129
32  0.15127175368139223 0.15053763440860216 0.029344042838018742 0.09032258064516129
19  0.17938420348058903 0.15053763440860216 0.022008032128514057 0.09032258064516129
9  0.20080321285140562 0.15053763440860216 0.033012048192771086 0.09032258064516129
22  0.23159303882195448 0.15053763440860216 0.02384203480589023 0.09032258064516129
0  0.25167336010709507 0.15053763440860216 0.02384203480589023 0.09032258064516129
19  0.27710843373493976 0.15053763440860216 0.022008032128514057 0.09032258064516129
12  0.29049531459170014 0.15053763440860216 0.020174029451137887 0.09032258064516129
15  0.3132530120481928 0.15053763440860216 0.02751004016064257 0.09032258064516129
14  0.34002677376171353 0.15053763440860216 0.02751004016064257 0.09032258064516129
2  0.3868808567603748 0.1532258064516129 0.022008032128514057 0.09032258064516129
15  0.4069611780455154 0.1532258064516129 0.0256760374832664 0.09032258064516129
18  0.4323962516733601 0.1532258064516129 0.02751004016064257 0.09032258064516129
5  0.4578313253012048 0.1532258064516129 0.0256760374832664 0.09032258064516129
27  0.4859437751004016 0.1532258064516129 0.0385140562248996 0.09032258064516129
33  0.05622489959839357 0.22043010752688172 0.016506024096385543 0.10967741935483871
4  0.09504685408299866 0.22043010752688172 0.033012048192771086 0.10967741935483871
13  0.12182061579651941 0.22043010752688172 0.022008032128514057 0.10967741935483871
13  0.1566265060240964 0.22043010752688172 0.02384203480589023 0.10967741935483871
0  0.18473895582329317 0.22043010752688172 0.02751004016064257 0.10967741935483871
38  0.20883534136546184 0.22043010752688172 0.022008032128514057 0.10967741935483871
13  0.22623828647925034 0.22043010752688172 0.02751004016064257 0.10967741935483871
0  0.2583668005354752 0.22311827956989247 0.029344042838018742 0.10967741935483871
4  0.28112449799196787 0.22311827956989247 0.02384203480589023 0.10967741935483871
0  0.30522088353413657 0.22311827956989247 0.0256760374832664 0.10967741935483871
12  0.33065595716198126 0.22311827956989247 0.0256760374832664 0.10967741935483871
9  0.35207496653279785 0.22311827956989247 0.02384203480589023 0.10967741935483871
5  0.37617135207496655 0.22311827956989247 0.0256760374832664 0.10967741935483871
2  0.40562248995983935 0.22311827956989247 0.0385140562248996 0.10967741935483871
4  0.4323962516733601 0.22311827956989247 0.022008032128514057 0.10967741935483871
15  0.464524765729585 0.22580645161290322 0.022008032128514057 0.10967741935483871
22  0.48728246318607765 0.22580645161290322 0.0256760374832664 0.10967741935483871
24  0.5100401606425703 0.22580645161290322 0.0256760374832664 0.10967741935483871
0  0.535475234270415 0.22580645161290322 0.022008032128514057 0.10967741935483871
17  0.5595716198125836 0.22580645161290322 0.034846050870147256 0.10967741935483871
25  0.05756358768406961 0.7446236559139785 0.029344042838018742 0.10967741935483871
13  0.08835341365461848 0.7446236559139785 0.029344042838018742 0.10967741935483871
4  0.11512717536813923 0.7446236559139785 0.022008032128514057 0.10967741935483871
0  0.1499330655957162 0.7446236559139785 0.022008032128514057 0.10967741935483871
17  0.16733601070950468 0.7446236559139785 0.022008032128514057 0.10967741935483871
0  0.18875502008032127 0.7446236559139785 0.02384203480589023 0.10967741935483871
12  0.2101740294511379 0.7446236559139785 0.020174029451137887 0.10967741935483871
25  0.24765729585006693 0.7446236559139785 0.02384203480589023 0.10967741935483871
2  0.2757697456492637 0.7446236559139785 0.02751004016064257 0.10967741935483871
11  0.29852744310575635 0.7446236559139785 0.02384203480589023 0.10967741935483871
4  0.32663989290495316 0.7446236559139785 0.03668005354752343 0.10967741935483871
4  0.35475234270414996 0.7446236559139785 0.02384203480589023 0.10967741935483871
0  0.37751004016064255 0.7446236559139785 0.02384203480589023 0.10967741935483871
17  0.4042838018741633 0.7446236559139785 0.033012048192771086 0.10967741935483871
14  0.43373493975903615 0.7446236559139785 0.022008032128514057 0.10967741935483871
15  0.4538152610441767 0.7446236559139785 0.0256760374832664 0.10967741935483871
38  0.47925033467202144 0.7446236559139785 0.0256760374832664 0.10967741935483871
9  0.500669344042838 0.7446236559139785 0.02384203480589023 0.10967741935483871
32  0.5220883534136547 0.7446236559139785 0.02384203480589023 0.10967741935483871
9  0.5515394912985274 0.7446236559139785 0.0385140562248996 0.10967741935483871
2  0.5823293172690763 0.7446236559139785 0.020174029451137887 0.10967741935483871
54  0.6024096385542169 0.7446236559139785 0.0256760374832664 0.10967741935483871
57  0.6291834002677377 0.7446236559139785 0.0256760374832664 0.10967741935483871
44  0.6506024096385542 0.7446236559139785 0.0256760374832664 0.10967741935483871
66  0.6813922356091031 0.7446236559139785 0.0385140562248996 0.10967741935483871
78  0.751004016064257 0.6075268817204301 0.020883534136546183 0.07338709677419356
86  0.7684069611780455 0.6075268817204301 0.024364123159303884 0.07338709677419356
83  0.785809906291834 0.6075268817204301 0.024364123159303884 0.07338709677419356
78  0.8045515394912985 0.6075268817204301 0.020883534136546183 0.07338709677419356
82  0.821954484605087 0.6075268817204301 0.026104417670682733 0.07338709677419356
83  0.8406961178045516 0.6075268817204301 0.022623828647925035 0.07338709677419356
87  0.8594377510040161 0.6075268817204301 0.024364123159303884 0.07338709677419356
80  0.8755020080321285 0.6102150537634409 0.024364123159303884 0.07338709677419356
81  0.892904953145917 0.6102150537634409 0.027844712182061578 0.07338709677419356
