2  0.06157965194109773 0.13172043010752688 0.02384203480589023 0.0967741935483871
9  0.0856760374832664 0.13172043010752688 0.0256760374832664 0.0967741935483871
12  0.10977242302543508 0.13172043010752688 0.0256760374832664 0.0967741935483871
15  0.13520749665327977 0.13172043010752688 0.0256760374832664 0.0967741935483871
32  0.15930388219544847 0.13172043010752688 0.029344042838018742 0.0967741935483871
19  0.18741633199464525 0.13440860215053763 0.02384203480589023 0.0967741935483871
9  0.21151271753681392 0.13440860215053763 0.033012048192771086 0.0967741935483871
22  0.23694779116465864 0.13440860215053763 0.031178045515394912 0.0967741935483871
0  0.26238286479250333 0.13440860215053763 0.0256760374832664 0.0967741935483871
19  0.2878179384203481 0.13709677419354838 0.022008032128514057 0.0967741935483871
12  0.3038821954484605 0.13709677419354838 0.022008032128514057 0.0967741935483871
15  0.32663989290495316 0.13709677419354838 0.02751004016064257 0.0967741935483871
14  0.35207496653279785 0.13709677419354838 0.02384203480589023 0.0967741935483871
11  0.39759036144578314 0.13978494623655913 0.016506024096385543 0.0967741935483871
20  0.4149933065595716 0.13978494623655913 0.022008032128514057 0.0967741935483871
12  0.4350736278447122 0.13978494623655913 0.0256760374832664 0.0967741935483871
15  0.4605087014725569 0.13978494623655913 0.0256760374832664 0.0967741935483871
1  0.4899598393574297 0.1424731182795699 0.0385140562248996 0.0967741935483871
13  0.17269076305220885 0.20967741935483872 0.02384203480589023 0.1032258064516129
0  0.20214190093708165 0.20967741935483872 0.029344042838018742 0.1032258064516129
10  0.23159303882195448 0.20967741935483872 0.034846050870147256 0.1032258064516129
25  0.05220883534136546 0.7446236559139785 0.031178045515394912 0.1032258064516129
2  0.08299866131191433 0.7446236559139785 0.02751004016064257 0.1032258064516129
11  0.107095046854083 0.7446236559139785 0.02384203480589023 0.1032258064516129
4  0.1285140562248996 0.7446236559139785 0.020174029451137887 0.1032258064516129
4  0.16198125836680052 0.7446236559139785 0.029344042838018742 0.1032258064516129
0  0.18741633199464525 0.7446236559139785 0.022008032128514057 0.1032258064516129
17  0.2074966532797858 0.7446236559139785 0.018340026773761713 0.1032258064516129
25  0.24497991967871485 0.7446236559139785 0.02751004016064257 0.1032258064516129
0  0.27309236947791166 0.7446236559139785 0.02751004016064257 0.1032258064516129
38  0.2971887550200803 0.7446236559139785 0.02384203480589023 0.1032258064516129
17  0.31994645247657294 0.7446236559139785 0.022008032128514057 0.1032258064516129
9  0.3453815261044177 0.7446236559139785 0.034846050870147256 0.1032258064516129
12  0.42168674698795183 0.7446236559139785 0.033012048192771086 0.1032258064516129
15  0.44712182061579653 0.7446236559139785 0.033012048192771086 0.1032258064516129
1  0.47121820615796517 0.7446236559139785 0.031178045515394912 0.1032258064516129
78  0.14190093708165996 0.20967741935483872 0.01566265060240964 0.11182795698924733
84  0.2570281124497992 0.20967741935483872 0.01566265060240964 0.11182795698924733
87  0.27041499330655955 0.20967741935483872 0.019143239625167334 0.11182795698924733
81  0.2958500669344043 0.20967741935483872 0.027844712182061578 0.11182795698924733
78  0.7550200803212851 0.6075268817204301 0.022623828647925035 0.07338709677419356
85  0.7710843373493976 0.6075268817204301 0.026104417670682733 0.07338709677419356
83  0.7898259705488622 0.6075268817204301 0.024364123159303884 0.07338709677419356
80  0.8085676037483266 0.6075268817204301 0.024364123159303884 0.07338709677419356
78  0.8273092369477911 0.6075268817204301 0.020883534136546183 0.07338709677419356
82  0.8447121820615796 0.6075268817204301 0.026104417670682733 0.07338709677419356
85  0.8634538152610441 0.6075268817204301 0.026104417670682733 0.07338709677419356
86  0.8808567603748326 0.6075268817204301 0.026104417670682733 0.07338709677419356
82  0.8982597054886211 0.6102150537634409 0.024364123159303884 0.07338709677419356
