2  0.060240963855421686 0.13978494623655913 0.020174029451137887 0.1032258064516129
9  0.08165997322623829 0.13978494623655913 0.0256760374832664 0.1032258064516129
12  0.10575635876840696 0.13978494623655913 0.0256760374832664 0.1032258064516129
15  0.12985274431057564 0.13978494623655913 0.0256760374832664 0.1032258064516129
32  0.15261044176706828 0.13978494623655913 0.02751004016064257 0.1032258064516129
19  0.18072289156626506 0.13978494623655913 0.02384203480589023 0.1032258064516129
9  0.20481927710843373 0.13978494623655913 0.034846050870147256 0.1032258064516129
18  0.23560910307898258 0.13978494623655913 0.0256760374832664 0.1032258064516129
20  0.2583668005354752 0.13978494623655913 0.022008032128514057 0.1032258064516129
37  0.2784471218206158 0.1424731182795699 0.022008032128514057 0.1032258064516129
4  0.29852744310575635 0.1424731182795699 0.022008032128514057 0.1032258064516129
11  0.3360107095046854 0.1424731182795699 0.0256760374832664 0.1032258064516129
15  0.35609103078982596 0.1424731182795699 0.0256760374832664 0.1032258064516129
14  0.38420348058902276 0.1424731182795699 0.02751004016064257 0.1032258064516129
9  0.40963855421686746 0.1424731182795699 0.0256760374832664 0.1032258064516129
1  0.43373493975903615 0.1424731182795699 0.0256760374832664 0.1032258064516129
15  0.4564926372155288 0.1424731182795699 0.02751004016064257 0.1032258064516129
4  0.48326639892904955 0.14516129032258066 0.02751004016064257 0.1032258064516129
15  0.5087014725568942 0.14516129032258066 0.0256760374832664 0.1032258064516129
13  0.5394912985274432 0.14516129032258066 0.042182061579651944 0.1032258064516129
11  0.05756358768406961 0.21774193548387097 0.022008032128514057 0.09999999999999999
20  0.0749665327978581 0.21774193548387097 0.022008032128514057 0.09999999999999999
24  0.09772423025435073 0.21774193548387097 0.0256760374832664 0.09999999999999999
0  0.12048192771084337 0.21774193548387097 0.02384203480589023 0.09999999999999999
9  0.14457831325301204 0.21774193548387097 0.022008032128514057 0.09999999999999999
24  0.17402945113788487 0.21774193548387097 0.031178045515394912 0.09999999999999999
0  0.20214190093708165 0.21774193548387097 0.0256760374832664 0.09999999999999999
2  0.2248995983935743 0.21774193548387097 0.02384203480589023 0.09999999999999999
15  0.250334672021419 0.21774193548387097 0.0256760374832664 0.09999999999999999
14  0.27710843373493976 0.21774193548387097 0.0256760374832664 0.09999999999999999
15  0.2998661311914324 0.21774193548387097 0.0256760374832664 0.09999999999999999
14  0.3279785809906292 0.21774193548387097 0.0256760374832664 0.09999999999999999
22  0.3627844712182062 0.21774193548387097 0.022008032128514057 0.09999999999999999
15  0.38018741633199465 0.21774193548387097 0.02384203480589023 0.09999999999999999
14  0.4069611780455154 0.21774193548387097 0.02751004016064257 0.09999999999999999
0  0.42971887550200805 0.22043010752688172 0.02384203480589023 0.09999999999999999
9  0.4538152610441767 0.22043010752688172 0.022008032128514057 0.09999999999999999
22  0.058902275769745646 0.29838709677419356 0.022008032128514057 0.10645161290322581
20  0.07764390896921017 0.29838709677419356 0.020174029451137887 0.10645161290322581
24  0.09370816599732262 0.29838709677419356 0.02384203480589023 0.10645161290322581
17  0.12182061579651941 0.29838709677419356 0.0256760374832664 0.10645161290322581
0  0.14190093708165996 0.29838709677419356 0.022008032128514057 0.10645161290322581
9  0.1686746987951807 0.29838709677419356 0.0385140562248996 0.10645161290322581
0  0.24497991967871485 0.29838709677419356 0.029344042838018742 0.10645161290322581
8  0.27041499330655955 0.29838709677419356 0.022008032128514057 0.10645161290322581
25  0.05622489959839357 0.7473118279569892 0.02384203480589023 0.11612903225806451
2  0.08165997322623829 0.7473118279569892 0.02751004016064257 0.11612903225806451
11  0.10441767068273092 0.7473118279569892 0.02384203480589023 0.11612903225806451
4  0.13386880856760375 0.7473118279569892 0.034846050870147256 0.11612903225806451
4  0.1606425702811245 0.7473118279569892 0.02751004016064257 0.11612903225806451
0  0.18340026773761714 0.7473118279569892 0.02384203480589023 0.11612903225806451
17  0.2074966532797858 0.7473118279569892 0.022008032128514057 0.11612903225806451
25  0.23694779116465864 0.75 0.042182061579651944 0.11612903225806451
0  0.27309236947791166 0.75 0.02751004016064257 0.11612903225806451
38  0.2971887550200803 0.75 0.020174029451137887 0.11612903225806451
17  0.31593038821954483 0.75 0.022008032128514057 0.11612903225806451
9  0.3386880856760375 0.75 0.022008032128514057 0.11612903225806451
11  0.37349397590361444 0.75 0.022008032128514057 0.11612903225806451
15  0.3908969210174029 0.7526881720430108 0.02384203480589023 0.11612903225806451
14  0.4149933065595716 0.7526881720430108 0.0256760374832664 0.11612903225806451
9  0.43775100401606426 0.7526881720430108 0.0256760374832664 0.11612903225806451
1  0.46586345381526106 0.7526881720430108 0.0256760374832664 0.11612903225806451
15  0.48728246318607765 0.7526881720430108 0.02384203480589023 0.11612903225806451
4  0.5100401606425703 0.7526881720430108 0.02751004016064257 0.11612903225806451
15  0.5381526104417671 0.7526881720430108 0.02751004016064257 0.11612903225806451
13  0.5676037483266398 0.7553763440860215 0.042182061579651944 0.11612903225806451
83  0.48460508701472554 0.22043010752688172 0.01566265060240964 0.10833333333333334
80  0.19544846050870146 0.29838709677419356 0.020883534136546183 0.1153225806451613
80  0.21686746987951808 0.29838709677419356 0.022623828647925035 0.1153225806451613
78  0.2998661311914324 0.29838709677419356 0.022623828647925035 0.1153225806451613
84  0.31593038821954483 0.29838709677419356 0.01566265060240964 0.1153225806451613
78  0.3467202141900937 0.29838709677419356 0.01566265060240964 0.1153225806451613
78  0.36010709504685406 0.29838709677419356 0.013922356091030789 0.1153225806451613
79  0.3855421686746988 0.29838709677419356 0.01740294511378849 0.1153225806451613
87  0.4029451137884873 0.29838709677419356 0.020883534136546183 0.1153225806451613
79  0.4243641231593039 0.29838709677419356 0.020883534136546183 0.1153225806451613
87  0.44176706827309237 0.29838709677419356 0.01740294511378849 0.1153225806451613
82  0.7536813922356091 0.6102150537634409 0.024364123159303884 0.07688172043010753
84  0.7710843373493976 0.6102150537634409 0.024364123159303884 0.07688172043010753
83  0.7898259705488622 0.6102150537634409 0.024364123159303884 0.07688172043010753
81  0.8058902275769746 0.6102150537634409 0.026104417670682733 0.07688172043010753
84  0.8273092369477911 0.6102150537634409 0.024364123159303884 0.07688172043010753
86  0.8447121820615796 0.6102150537634409 0.026104417670682733 0.07688172043010753
78  0.8634538152610441 0.6102150537634409 0.020883534136546183 0.07688172043010753
84  0.8835341365461847 0.6102150537634409 0.024364123159303884 0.07688172043010753
82  0.9022757697456493 0.6102150537634409 0.024364123159303884 0.07688172043010753
