25  0.0749665327978581 0.1478494623655914 0.02384203480589023 0.1193548387096774
0  0.10441767068273092 0.1478494623655914 0.029344042838018742 0.1193548387096774
38  0.1285140562248996 0.1478494623655914 0.022008032128514057 0.1193548387096774
17  0.14859437751004015 0.1478494623655914 0.022008032128514057 0.1193548387096774
20  0.17670682730923695 0.1478494623655914 0.0385140562248996 0.1193548387096774
14  0.20214190093708165 0.1478494623655914 0.020174029451137887 0.1193548387096774
15  0.2222222222222222 0.1478494623655914 0.02751004016064257 0.1193548387096774
38  0.25167336010709507 0.15053763440860216 0.0256760374832664 0.1193548387096774
9  0.27041499330655955 0.15053763440860216 0.0256760374832664 0.1193548387096774
32  0.2971887550200803 0.15053763440860216 0.02751004016064257 0.1193548387096774
38  0.321285140562249 0.15053763440860216 0.022008032128514057 0.1193548387096774
15  0.3386880856760375 0.15053763440860216 0.02384203480589023 0.1193548387096774
9  0.36947791164658633 0.15053763440860216 0.0385140562248996 0.1193548387096774
19  0.3989290495314592 0.15053763440860216 0.029344042838018742 0.1193548387096774
15  0.4203480589022758 0.15053763440860216 0.022008032128514057 0.1193548387096774
1  0.4431057563587684 0.1532258064516129 0.0256760374832664 0.1193548387096774
5  0.46586345381526106 0.1532258064516129 0.0256760374832664 0.1193548387096774
9  0.4939759036144578 0.1532258064516129 0.033012048192771086 0.1193548387096774
13  0.5234270414993306 0.1532258064516129 0.020174029451137887 0.1193548387096774
0  0.5502008032128514 0.1532258064516129 0.0256760374832664 0.1193548387096774
17  0.5689424364123159 0.1532258064516129 0.022008032128514057 0.1193548387096774
11  0.5930388219544847 0.1532258064516129 0.0256760374832664 0.1193548387096774
0  0.6157965194109772 0.15591397849462366 0.022008032128514057 0.1193548387096774
8  0.6331994645247657 0.15591397849462366 0.020174029451137887 0.1193548387096774
17  0.6760374832663989 0.15591397849462366 0.018340026773761713 0.1193548387096774
20  0.6961178045515395 0.15591397849462366 0.022008032128514057 0.1193548387096774
4  0.714859437751004 0.15591397849462366 0.022008032128514057 0.1193548387096774
0  0.7376171352074966 0.15591397849462366 0.0256760374832664 0.1193548387096774
11  0.7617135207496654 0.15591397849462366 0.022008032128514057 0.1193548387096774
9  0.785809906291834 0.1586021505376344 0.033012048192771086 0.1193548387096774
24  0.07362784471218206 0.21774193548387097 0.022008032128514057 0.09999999999999999
4  0.10441767068273092 0.21774193548387097 0.03668005354752343 0.09999999999999999
30  0.13520749665327977 0.21774193548387097 0.02384203480589023 0.09999999999999999
18  0.1539491298527443 0.21774193548387097 0.02384203480589023 0.09999999999999999
0  0.17804551539491298 0.21774193548387097 0.02384203480589023 0.09999999999999999
14  0.1994645247657296 0.21774193548387097 0.0256760374832664 0.09999999999999999
1  0.22757697456492637 0.21774193548387097 0.0256760374832664 0.09999999999999999
15  0.24899598393574296 0.21774193548387097 0.0256760374832664 0.09999999999999999
10  0.28112449799196787 0.21774193548387097 0.03668005354752343 0.09999999999999999
4  0.3092369477911647 0.21774193548387097 0.018340026773761713 0.09999999999999999
13  0.3413654618473896 0.21774193548387097 0.033012048192771086 0.09999999999999999
0  0.36813922356091033 0.21774193548387097 0.02384203480589023 0.09999999999999999
17  0.38821954484605087 0.21774193548387097 0.02384203480589023 0.09999999999999999
37  0.41231593038821956 0.21774193548387097 0.02384203480589023 0.09999999999999999
8  0.43373493975903615 0.22043010752688172 0.022008032128514057 0.09999999999999999
15  0.45113788487282463 0.22043010752688172 0.02384203480589023 0.09999999999999999
17  0.47657295850066933 0.22043010752688172 0.022008032128514057 0.09999999999999999
25  0.049531459170013385 0.7311827956989247 0.034846050870147256 0.1032258064516129
2  0.08032128514056225 0.7311827956989247 0.0256760374832664 0.1032258064516129
11  0.10174029451137885 0.7311827956989247 0.0256760374832664 0.1032258064516129
4  0.12717536813922356 0.7311827956989247 0.0256760374832664 0.1032258064516129
4  0.19009370816599733 0.7311827956989247 0.02384203480589023 0.1032258064516129
0  0.21285140562248997 0.7311827956989247 0.02384203480589023 0.1032258064516129
17  0.23962516733601072 0.7311827956989247 0.033012048192771086 0.1032258064516129
14  0.26907630522088355 0.7311827956989247 0.018340026773761713 0.1032258064516129
15  0.29049531459170014 0.7311827956989247 0.0256760374832664 0.1032258064516129
38  0.31593038821954483 0.7311827956989247 0.0256760374832664 0.1032258064516129
9  0.3373493975903614 0.7311827956989247 0.0256760374832664 0.1032258064516129
32  0.3614457831325301 0.7338709677419355 0.0256760374832664 0.1032258064516129
9  0.38821954484605087 0.7338709677419355 0.034846050870147256 0.1032258064516129
17  0.4190093708165997 0.7338709677419355 0.018340026773761713 0.1032258064516129
20  0.43775100401606426 0.7338709677419355 0.022008032128514057 0.1032258064516129
4  0.45917001338688085 0.7338709677419355 0.0256760374832664 0.1032258064516129
0  0.4859437751004016 0.7338709677419355 0.0256760374832664 0.1032258064516129
11  0.5060240963855421 0.7338709677419355 0.020174029451137887 0.1032258064516129
9  0.5314591700133868 0.7338709677419355 0.03668005354752343 0.1032258064516129
78  0.15796519410977242 0.7311827956989247 0.01566265060240964 0.11182795698924733
78  0.10977242302543508 0.8091397849462365 0.01740294511378849 0.08387096774193549
78  0.7536813922356091 0.5967741935483871 0.020883534136546183 0.07688172043010753
79  0.7724230254350736 0.5967741935483871 0.026104417670682733 0.07688172043010753
84  0.7898259705488622 0.5967741935483871 0.026104417670682733 0.07688172043010753
81  0.8072289156626506 0.5967741935483871 0.026104417670682733 0.07688172043010753
79  0.8286479250334672 0.5967741935483871 0.024364123159303884 0.07688172043010753
79  0.8460508701472557 0.5967741935483871 0.024364123159303884 0.07688172043010753
83  0.8621151271753681 0.5967741935483871 0.024364123159303884 0.07688172043010753
86  0.8808567603748326 0.5967741935483871 0.026104417670682733 0.07688172043010753
83  0.8982597054886211 0.5967741935483871 0.022623828647925035 0.07688172043010753
