2  0.06157965194109773 0.1532258064516129 0.022008032128514057 0.08709677419354839
9  0.08032128514056225 0.1532258064516129 0.0256760374832664 0.08709677419354839
12  0.107095046854083 0.1532258064516129 0.0256760374832664 0.08709677419354839
15  0.12985274431057564 0.1532258064516129 0.0256760374832664 0.08709677419354839
32  0.15528781793842034 0.1532258064516129 0.02751004016064257 0.08709677419354839
19  0.18072289156626506 0.15591397849462366 0.022008032128514057 0.08709677419354839
9  0.2034805890227577 0.15591397849462366 0.034846050870147256 0.08709677419354839
22  0.23560910307898258 0.15591397849462366 0.02384203480589023 0.08709677419354839
0  0.2556894243641232 0.1586021505376344 0.02384203480589023 0.08709677419354839
19  0.2797858099062918 0.1586021505376344 0.022008032128514057 0.08709677419354839
12  0.29852744310575635 0.1586021505376344 0.022008032128514057 0.08709677419354839
15  0.31860776439089694 0.1586021505376344 0.02384203480589023 0.08709677419354839
14  0.3427041499330656 0.1586021505376344 0.0256760374832664 0.08709677419354839
2  0.3895582329317269 0.16129032258064516 0.020174029451137887 0.08709677419354839
0  0.40829986613119146 0.16129032258064516 0.02384203480589023 0.08709677419354839
22  0.4323962516733601 0.16129032258064516 0.022008032128514057 0.08709677419354839
25  0.46184738955823296 0.1639784946236559 0.04768406961178046 0.08709677419354839
33  0.060240963855421686 0.22043010752688172 0.018340026773761713 0.11290322580645161
13  0.08165997322623829 0.22043010752688172 0.0256760374832664 0.11290322580645161
2  0.12717536813922356 0.22043010752688172 0.029344042838018742 0.11290322580645161
0  0.1499330655957162 0.22043010752688172 0.0256760374832664 0.11290322580645161
38  0.1753681392235609 0.22311827956989247 0.0256760374832664 0.11290322580645161
4  0.19678714859437751 0.22311827956989247 0.0256760374832664 0.11290322580645161
0  0.2222222222222222 0.22311827956989247 0.0256760374832664 0.11290322580645161
19  0.2463186077643909 0.22311827956989247 0.0256760374832664 0.11290322580645161
4  0.26907630522088355 0.22580645161290322 0.0256760374832664 0.11290322580645161
5  0.29049531459170014 0.22580645161290322 0.0256760374832664 0.11290322580645161
38  0.3172690763052209 0.22580645161290322 0.022008032128514057 0.11290322580645161
9  0.35876840696117807 0.22849462365591397 0.022008032128514057 0.11290322580645161
18  0.3815261044176707 0.22849462365591397 0.0256760374832664 0.11290322580645161
19  0.40562248995983935 0.22849462365591397 0.020174029451137887 0.11290322580645161
9  0.4190093708165997 0.22849462365591397 0.022008032128514057 0.11290322580645161
34  0.4444444444444444 0.23118279569892472 0.0256760374832664 0.11290322580645161
12  0.46586345381526106 0.23118279569892472 0.022008032128514057 0.11290322580645161
15  0.48728246318607765 0.23118279569892472 0.0256760374832664 0.11290322580645161
12  0.5167336010709505 0.23118279569892472 0.034846050870147256 0.11290322580645161
25  0.05488621151271754 0.7473118279569892 0.02384203480589023 0.09999999999999999
2  0.08165997322623829 0.7446236559139785 0.029344042838018742 0.09999999999999999
11  0.10575635876840696 0.7446236559139785 0.02384203480589023 0.09999999999999999
4  0.13253012048192772 0.7446236559139785 0.034846050870147256 0.09999999999999999
4  0.16198125836680052 0.7446236559139785 0.0256760374832664 0.09999999999999999
0  0.18340026773761714 0.7446236559139785 0.02384203480589023 0.09999999999999999
17  0.2101740294511379 0.7446236559139785 0.034846050870147256 0.09999999999999999
14  0.24096385542168675 0.7446236559139785 0.022008032128514057 0.09999999999999999
15  0.2637215528781794 0.7446236559139785 0.0256760374832664 0.09999999999999999
38  0.2878179384203481 0.7446236559139785 0.02384203480589023 0.09999999999999999
9  0.3092369477911647 0.7446236559139785 0.0256760374832664 0.09999999999999999
32  0.3333333333333333 0.7446236559139785 0.02384203480589023 0.09999999999999999
9  0.3614457831325301 0.7419354838709677 0.03668005354752343 0.09999999999999999
2  0.392235609103079 0.7419354838709677 0.018340026773761713 0.09999999999999999
0  0.4109772423025435 0.7419354838709677 0.02384203480589023 0.09999999999999999
22  0.43373493975903615 0.7419354838709677 0.022008032128514057 0.09999999999999999
25  0.464524765729585 0.7419354838709677 0.04768406961178046 0.09999999999999999
79  0.7523427041499331 0.6102150537634409 0.026104417670682733 0.07338709677419356
86  0.7684069611780455 0.6102150537634409 0.024364123159303884 0.07338709677419356
83  0.784471218206158 0.6102150537634409 0.022623828647925035 0.07338709677419356
79  0.8045515394912985 0.6102150537634409 0.024364123159303884 0.07338709677419356
80  0.8232931726907631 0.6102150537634409 0.024364123159303884 0.07338709677419356
85  0.8393574297188755 0.6102150537634409 0.026104417670682733 0.07338709677419356
84  0.8594377510040161 0.6102150537634409 0.024364123159303884 0.07338709677419356
82  0.8755020080321285 0.6102150537634409 0.024364123159303884 0.07338709677419356
79  0.891566265060241 0.6129032258064516 0.024364123159303884 0.07338709677419356
