2  0.05756358768406961 0.1532258064516129 0.022008032128514057 0.15483870967741933
9  0.07764390896921017 0.1532258064516129 0.02751004016064257 0.15483870967741933
12  0.10307898259705489 0.1532258064516129 0.02751004016064257 0.15483870967741933
15  0.12717536813922356 0.15591397849462366 0.02751004016064257 0.15483870967741933
32  0.15127175368139223 0.15591397849462366 0.031178045515394912 0.15483870967741933
19  0.18206157965194109 0.1586021505376344 0.02384203480589023 0.15483870967741933
9  0.2074966532797858 0.1586021505376344 0.045850066934404285 0.15483870967741933
18  0.23427041499330656 0.16129032258064516 0.02384203480589023 0.15483870967741933
20  0.2556894243641232 0.16129032258064516 0.02384203480589023 0.15483870967741933
37  0.2757697456492637 0.1639784946236559 0.022008032128514057 0.15483870967741933
4  0.3038821954484605 0.1639784946236559 0.049518072289156626 0.15483870967741933
11  0.3360107095046854 0.16666666666666666 0.033012048192771086 0.15483870967741933
15  0.3614457831325301 0.16666666666666666 0.0256760374832664 0.15483870967741933
14  0.38420348058902276 0.1693548387096774 0.02751004016064257 0.15483870967741933
9  0.40829986613119146 0.1693548387096774 0.02751004016064257 0.15483870967741933
1  0.43373493975903615 0.17204301075268819 0.02751004016064257 0.15483870967741933
15  0.4578313253012048 0.17204301075268819 0.02384203480589023 0.15483870967741933
4  0.4779116465863454 0.17204301075268819 0.0256760374832664 0.15483870967741933
15  0.500669344042838 0.17473118279569894 0.02751004016064257 0.15483870967741933
13  0.5327978580990629 0.17473118279569894 0.045850066934404285 0.15483870967741933
0  0.6211512717536813 0.18010752688172044 0.10453815261044178 0.15483870967741933
11  0.714859437751004 0.18548387096774194 0.06602409638554217 0.15483870967741933
1  0.7710843373493976 0.1881720430107527 0.040348058902275774 0.15483870967741933
11  0.05622489959839357 0.21505376344086022 0.016506024096385543 0.09999999999999999
20  0.07630522088353414 0.21505376344086022 0.022008032128514057 0.09999999999999999
24  0.09236947791164658 0.21505376344086022 0.0256760374832664 0.09999999999999999
0  0.12315930388219545 0.21505376344086022 0.0256760374832664 0.09999999999999999
9  0.14859437751004015 0.21505376344086022 0.033012048192771086 0.09999999999999999
19  0.17269076305220885 0.21774193548387097 0.031178045515394912 0.09999999999999999
24  0.2034805890227577 0.21774193548387097 0.02384203480589023 0.09999999999999999
0  0.23293172690763053 0.21774193548387097 0.02751004016064257 0.09999999999999999
1  0.2543507362784471 0.21774193548387097 0.022008032128514057 0.09999999999999999
1  0.27309236947791166 0.22043010752688172 0.02751004016064257 0.09999999999999999
15  0.3038821954484605 0.22043010752688172 0.029344042838018742 0.09999999999999999
17  0.3279785809906292 0.22043010752688172 0.02384203480589023 0.09999999999999999
9  0.35609103078982596 0.22043010752688172 0.0385140562248996 0.09999999999999999
38  0.38420348058902276 0.22311827956989247 0.022008032128514057 0.09999999999999999
0  0.40562248995983935 0.22311827956989247 0.02384203480589023 0.09999999999999999
2  0.428380187416332 0.22311827956989247 0.0256760374832664 0.09999999999999999
12  0.45113788487282463 0.22311827956989247 0.02384203480589023 0.09999999999999999
9  0.47121820615796517 0.22580645161290322 0.0256760374832664 0.09999999999999999
9  0.500669344042838 0.22580645161290322 0.034846050870147256 0.09999999999999999
18  0.28112449799196787 0.3064516129032258 0.031178045515394912 0.07419354838709677
25  0.05756358768406961 0.7419354838709677 0.02751004016064257 0.1032258064516129
2  0.08701472556894244 0.7419354838709677 0.0256760374832664 0.1032258064516129
11  0.10843373493975904 0.7419354838709677 0.022008032128514057 0.1032258064516129
4  0.13520749665327977 0.7419354838709677 0.0385140562248996 0.1032258064516129
4  0.16599732262382866 0.7419354838709677 0.0256760374832664 0.1032258064516129
0  0.18875502008032127 0.7419354838709677 0.02384203480589023 0.1032258064516129
17  0.21552878179384202 0.7419354838709677 0.033012048192771086 0.1032258064516129
25  0.24765729585006693 0.7419354838709677 0.0256760374832664 0.1032258064516129
0  0.2797858099062918 0.7419354838709677 0.029344042838018742 0.1032258064516129
38  0.30120481927710846 0.7419354838709677 0.018340026773761713 0.1032258064516129
17  0.31593038821954483 0.7419354838709677 0.02384203480589023 0.1032258064516129
9  0.3467202141900937 0.7419354838709677 0.034846050870147256 0.1032258064516129
11  0.37751004016064255 0.7419354838709677 0.014672021419009371 0.1032258064516129
15  0.3949129852744311 0.7419354838709677 0.0256760374832664 0.1032258064516129
14  0.4190093708165997 0.7419354838709677 0.02751004016064257 0.1032258064516129
9  0.4457831325301205 0.7419354838709677 0.0256760374832664 0.1032258064516129
1  0.46720214190093706 0.7419354838709677 0.0256760374832664 0.1032258064516129
15  0.49129852744310576 0.7419354838709677 0.02751004016064257 0.1032258064516129
4  0.5180722891566265 0.7419354838709677 0.0256760374832664 0.1032258064516129
15  0.5394912985274432 0.7419354838709677 0.0256760374832664 0.1032258064516129
13  0.571619812583668 0.7419354838709677 0.042182061579651944 0.1032258064516129
81  0.5301204819277109 0.22580645161290322 0.027844712182061578 0.10833333333333334
80  0.07630522088353414 0.30376344086021506 0.03132530120481928 0.08037634408602151
87  0.107095046854083 0.30376344086021506 0.024364123159303884 0.08037634408602151
78  0.12583668005354753 0.30376344086021506 0.01740294511378849 0.08037634408602151
87  0.1539491298527443 0.30376344086021506 0.022623828647925035 0.08037634408602151
84  0.17269076305220885 0.30376344086021506 0.022623828647925035 0.08037634408602151
79  0.1994645247657296 0.3064516129032258 0.022623828647925035 0.08037634408602151
87  0.2182061579651941 0.3064516129032258 0.024364123159303884 0.08037634408602151
78  0.23560910307898258 0.3064516129032258 0.01740294511378849 0.08037634408602151
80  0.2556894243641232 0.3064516129032258 0.022623828647925035 0.08037634408602151
82  0.7563587684069611 0.6048387096774194 0.026104417670682733 0.07338709677419356
84  0.7764390896921017 0.6048387096774194 0.024364123159303884 0.07338709677419356
83  0.7925033467202142 0.6048387096774194 0.024364123159303884 0.07338709677419356
79  0.8099062918340026 0.6048387096774194 0.026104417670682733 0.07338709677419356
81  0.8273092369477911 0.6048387096774194 0.026104417670682733 0.07338709677419356
78  0.8447121820615796 0.6048387096774194 0.020883534136546183 0.07338709677419356
86  0.8621151271753681 0.6048387096774194 0.024364123159303884 0.07338709677419356
81  0.8795180722891566 0.6048387096774194 0.024364123159303884 0.07338709677419356
87  0.8969210174029452 0.6048387096774194 0.026104417670682733 0.07338709677419356
