2  0.06559571619812583 0.1478494623655914 0.031178045515394912 0.09032258064516129
9  0.08835341365461848 0.1478494623655914 0.029344042838018742 0.09032258064516129
12  0.1111111111111111 0.1478494623655914 0.031178045515394912 0.09032258064516129
15  0.13654618473895583 0.1478494623655914 0.034846050870147256 0.09032258064516129
32  0.1606425702811245 0.15053763440860216 0.029344042838018742 0.09032258064516129
19  0.18340026773761714 0.15053763440860216 0.02751004016064257 0.09032258064516129
9  0.20615796519410978 0.15053763440860216 0.02751004016064257 0.09032258064516129
22  0.23560910307898258 0.15053763440860216 0.022008032128514057 0.09032258064516129
0  0.25301204819277107 0.1532258064516129 0.02384203480589023 0.09032258064516129
19  0.27710843373493976 0.1532258064516129 0.02384203480589023 0.09032258064516129
12  0.2971887550200803 0.1532258064516129 0.02384203480589023 0.09032258064516129
15  0.321285140562249 0.1532258064516129 0.0256760374832664 0.09032258064516129
14  0.3427041499330656 0.15591397849462366 0.0256760374832664 0.09032258064516129
2  0.3908969210174029 0.15591397849462366 0.018340026773761713 0.09032258064516129
0  0.40829986613119146 0.15591397849462366 0.02384203480589023 0.09032258064516129
22  0.43105756358768405 0.1586021505376344 0.02384203480589023 0.09032258064516129
25  0.46318607764390896 0.1586021505376344 0.04768406961178046 0.09032258064516129
33  0.0642570281124498 0.21236559139784947 0.031178045515394912 0.10645161290322581
13  0.08969210174029452 0.21236559139784947 0.03668005354752343 0.10645161290322581
18  0.17804551539491298 0.21505376344086022 0.022008032128514057 0.10645161290322581
15  0.19812583668005354 0.21505376344086022 0.0256760374832664 0.10645161290322581
12  0.2248995983935743 0.21505376344086022 0.0256760374832664 0.10645161290322581
0  0.24497991967871485 0.21505376344086022 0.02384203480589023 0.10645161290322581
3  0.26907630522088355 0.21774193548387097 0.022008032128514057 0.10645161290322581
9  0.2931726907630522 0.21774193548387097 0.033012048192771086 0.10645161290322581
9  0.32396251673360105 0.21774193548387097 0.020174029451137887 0.10645161290322581
18  0.34404283801874164 0.21774193548387097 0.0256760374832664 0.10645161290322581
19  0.36813922356091033 0.22043010752688172 0.02384203480589023 0.10645161290322581
9  0.38821954484605087 0.22043010752688172 0.022008032128514057 0.10645161290322581
11  0.41365461847389556 0.22043010752688172 0.034846050870147256 0.10645161290322581
19  0.4431057563587684 0.22043010752688172 0.020174029451137887 0.10645161290322581
15  0.4578313253012048 0.22311827956989247 0.022008032128514057 0.10645161290322581
24  0.48460508701472554 0.22311827956989247 0.0256760374832664 0.10645161290322581
9  0.5060240963855421 0.22311827956989247 0.0256760374832664 0.10645161290322581
11  0.5314591700133868 0.22311827956989247 0.02384203480589023 0.10645161290322581
9  0.5488621151271754 0.22311827956989247 0.02384203480589023 0.10645161290322581
18  0.5769745649263721 0.22580645161290322 0.029344042838018742 0.10645161290322581
19  0.6024096385542169 0.22580645161290322 0.020174029451137887 0.10645161290322581
15  0.6171352074966533 0.22580645161290322 0.022008032128514057 0.10645161290322581
14  0.6465863453815262 0.22580645161290322 0.03668005354752343 0.10645161290322581
4  0.677376171352075 0.22849462365591397 0.022008032128514057 0.10645161290322581
5  0.7001338688085676 0.22849462365591397 0.0256760374832664 0.10645161290322581
38  0.7228915662650602 0.22849462365591397 0.022008032128514057 0.10645161290322581
9  0.7630522088353414 0.23118279569892472 0.018340026773761713 0.10645161290322581
14  0.784471218206158 0.23118279569892472 0.0256760374832664 0.10645161290322581
19  0.8085676037483266 0.23118279569892472 0.02384203480589023 0.10645161290322581
5  0.8273092369477911 0.23118279569892472 0.020174029451137887 0.10645161290322581
17  0.8460508701472557 0.23118279569892472 0.022008032128514057 0.10645161290322581
14  0.8795180722891566 0.23387096774193547 0.020174029451137887 0.10645161290322581
0  0.9036144578313253 0.23387096774193547 0.0256760374832664 0.10645161290322581
12  0.9303882195448461 0.23387096774193547 0.033012048192771086 0.10645161290322581
25  0.05756358768406961 0.7446236559139785 0.0256760374832664 0.1032258064516129
2  0.0856760374832664 0.7446236559139785 0.029344042838018742 0.1032258064516129
11  0.10977242302543508 0.7446236559139785 0.02384203480589023 0.1032258064516129
4  0.13654618473895583 0.7446236559139785 0.034846050870147256 0.1032258064516129
4  0.16599732262382866 0.7446236559139785 0.02384203480589023 0.1032258064516129
0  0.18875502008032127 0.7446236559139785 0.0256760374832664 0.1032258064516129
17  0.21686746987951808 0.7446236559139785 0.031178045515394912 0.1032258064516129
14  0.2463186077643909 0.7446236559139785 0.016506024096385543 0.1032258064516129
15  0.26639892904953144 0.7446236559139785 0.02751004016064257 0.1032258064516129
38  0.2958500669344043 0.7446236559139785 0.0256760374832664 0.1032258064516129
9  0.31593038821954483 0.7446236559139785 0.02384203480589023 0.1032258064516129
32  0.3413654618473896 0.7446236559139785 0.0256760374832664 0.1032258064516129
9  0.36813922356091033 0.7446236559139785 0.034846050870147256 0.1032258064516129
2  0.39759036144578314 0.7446236559139785 0.02384203480589023 0.1032258064516129
0  0.4203480589022758 0.7446236559139785 0.0256760374832664 0.1032258064516129
22  0.4444444444444444 0.7446236559139785 0.02384203480589023 0.1032258064516129
25  0.47523427041499333 0.7446236559139785 0.045850066934404285 0.1032258064516129
79  0.12717536813922356 0.21236559139784947 0.022623828647925035 0.1153225806451613
87  0.1459170013386881 0.21236559139784947 0.024364123159303884 0.1153225806451613
79  0.7563587684069611 0.6129032258064516 0.024364123159303884 0.07688172043010753
86  0.7751004016064257 0.6129032258064516 0.024364123159303884 0.07688172043010753
82  0.7925033467202142 0.6129032258064516 0.022623828647925035 0.07688172043010753
84  0.8099062918340026 0.6129032258064516 0.022623828647925035 0.07688172043010753
86  0.8286479250334672 0.6129032258064516 0.024364123159303884 0.07688172043010753
79  0.8460508701472557 0.6155913978494624 0.022623828647925035 0.07688172043010753
87  0.8621151271753681 0.6155913978494624 0.022623828647925035 0.07688172043010753
79  0.8821954484605087 0.6155913978494624 0.022623828647925035 0.07688172043010753
78  0.8995983935742972 0.6155913978494624 0.019143239625167334 0.07688172043010753
