2  0.060240963855421686 0.15053763440860216 0.020174029451137887 0.0967741935483871
9  0.08032128514056225 0.15053763440860216 0.0256760374832664 0.0967741935483871
12  0.10441767068273092 0.15053763440860216 0.0256760374832664 0.0967741935483871
15  0.12985274431057564 0.15053763440860216 0.0256760374832664 0.0967741935483871
32  0.15261044176706828 0.15053763440860216 0.02751004016064257 0.0967741935483871
19  0.18072289156626506 0.15053763440860216 0.02384203480589023 0.0967741935483871
9  0.20214190093708165 0.1532258064516129 0.031178045515394912 0.0967741935483871
18  0.23427041499330656 0.1532258064516129 0.018340026773761713 0.0967741935483871
20  0.2543507362784471 0.1532258064516129 0.022008032128514057 0.0967741935483871
37  0.2744310575635877 0.1532258064516129 0.022008032128514057 0.0967741935483871
4  0.2931726907630522 0.1532258064516129 0.02384203480589023 0.0967741935483871
24  0.3386880856760375 0.15591397849462366 0.020174029451137887 0.0967741935483871
0  0.36010709504685406 0.15591397849462366 0.02384203480589023 0.0967741935483871
1  0.38018741633199465 0.15591397849462366 0.02384203480589023 0.0967741935483871
1  0.40562248995983935 0.15591397849462366 0.0256760374832664 0.0967741935483871
15  0.42971887550200805 0.15591397849462366 0.0256760374832664 0.0967741935483871
17  0.46318607764390896 0.1586021505376344 0.049518072289156626 0.0967741935483871
17  0.4899598393574297 0.1586021505376344 0.016506024096385543 0.0967741935483871
0  0.5100401606425703 0.1586021505376344 0.022008032128514057 0.0967741935483871
18  0.5287817938420348 0.1586021505376344 0.02384203480589023 0.0967741935483871
20  0.5528781793842035 0.1586021505376344 0.02384203480589023 0.0967741935483871
12  0.5742971887550201 0.16129032258064516 0.022008032128514057 0.0967741935483871
15  0.5943775100401606 0.16129032258064516 0.0256760374832664 0.0967741935483871
2  0.6265060240963856 0.16129032258064516 0.03668005354752343 0.0967741935483871
33  0.0642570281124498 0.22043010752688172 0.029344042838018742 0.1032258064516129
37  0.09772423025435073 0.22043010752688172 0.020174029451137887 0.1032258064516129
20  0.11780455153949129 0.22043010752688172 0.022008032128514057 0.1032258064516129
12  0.13788487282463185 0.22043010752688172 0.0256760374832664 0.1032258064516129
0  0.16198125836680052 0.22043010752688172 0.02384203480589023 0.1032258064516129
11  0.18340026773761714 0.22043010752688172 0.022008032128514057 0.1032258064516129
0  0.20481927710843373 0.22043010752688172 0.0256760374832664 0.1032258064516129
14  0.23025435073627845 0.22043010752688172 0.0256760374832664 0.1032258064516129
4  0.2556894243641232 0.22043010752688172 0.0256760374832664 0.1032258064516129
15  0.2757697456492637 0.22043010752688172 0.02384203480589023 0.1032258064516129
8  0.30522088353413657 0.22043010752688172 0.034846050870147256 0.1032258064516129
11  0.3386880856760375 0.22043010752688172 0.0256760374832664 0.1032258064516129
14  0.3748326639892905 0.22311827956989247 0.020174029451137887 0.1032258064516129
0  0.3949129852744311 0.22311827956989247 0.02384203480589023 0.1032258064516129
2  0.41767068273092367 0.22311827956989247 0.0256760374832664 0.1032258064516129
15  0.44176706827309237 0.22311827956989247 0.0256760374832664 0.1032258064516129
10  0.47121820615796517 0.22311827956989247 0.034846050870147256 0.1032258064516129
16  0.5033467202141901 0.22311827956989247 0.018340026773761713 0.1032258064516129
17  0.5247657295850067 0.22311827956989247 0.022008032128514057 0.1032258064516129
61  0.570281124497992 0.22311827956989247 0.0073360107095046855 0.1032258064516129
18  0.29049531459170014 0.29838709677419356 0.029344042838018742 0.08064516129032258
15  0.31459170013386883 0.29838709677419356 0.033012048192771086 0.08064516129032258
12  0.3373493975903614 0.29838709677419356 0.029344042838018742 0.08064516129032258
25  0.05756358768406961 0.7446236559139785 0.0256760374832664 0.10645161290322581
2  0.0856760374832664 0.7446236559139785 0.0256760374832664 0.10645161290322581
11  0.107095046854083 0.7446236559139785 0.0256760374832664 0.10645161290322581
4  0.13654618473895583 0.7446236559139785 0.033012048192771086 0.10645161290322581
4  0.1646586345381526 0.7446236559139785 0.022008032128514057 0.10645161290322581
0  0.18607764390896922 0.7446236559139785 0.02384203480589023 0.10645161290322581
17  0.214190093708166 0.7446236559139785 0.03668005354752343 0.10645161290322581
14  0.250334672021419 0.7446236559139785 0.029344042838018742 0.10645161290322581
15  0.27309236947791166 0.7446236559139785 0.034846050870147256 0.10645161290322581
38  0.29852744310575635 0.7446236559139785 0.031178045515394912 0.10645161290322581
9  0.321285140562249 0.7446236559139785 0.031178045515394912 0.10645161290322581
32  0.3453815261044177 0.7446236559139785 0.033012048192771086 0.10645161290322581
9  0.36947791164658633 0.7446236559139785 0.029344042838018742 0.10645161290322581
24  0.4002677376171352 0.7446236559139785 0.022008032128514057 0.10645161290322581
0  0.42168674698795183 0.7446236559139785 0.02384203480589023 0.10645161290322581
1  0.4431057563587684 0.7446236559139785 0.0256760374832664 0.10645161290322581
1  0.46987951807228917 0.7446236559139785 0.0256760374832664 0.10645161290322581
15  0.4899598393574297 0.7446236559139785 0.0256760374832664 0.10645161290322581
17  0.5207496653279786 0.7446236559139785 0.03668005354752343 0.10645161290322581
17  0.5528781793842035 0.7446236559139785 0.018340026773761713 0.10645161290322581
0  0.571619812583668 0.7446236559139785 0.022008032128514057 0.10645161290322581
18  0.5917001338688086 0.7446236559139785 0.02384203480589023 0.10645161290322581
20  0.6131191432396251 0.7446236559139785 0.02384203480589023 0.10645161290322581
12  0.6345381526104418 0.7446236559139785 0.02384203480589023 0.10645161290322581
15  0.6572958500669344 0.7446236559139785 0.0256760374832664 0.10645161290322581
2  0.6880856760374833 0.7446236559139785 0.03668005354752343 0.10645161290322581
80  0.5515394912985274 0.22311827956989247 0.020883534136546183 0.11182795698924733
86  0.6050870147255689 0.22311827956989247 0.03480589022757698 0.11182795698924733
80  0.07898259705488621 0.29838709677419356 0.024364123159303884 0.08736559139784945
87  0.10977242302543508 0.29838709677419356 0.022623828647925035 0.08736559139784945
86  0.12717536813922356 0.29838709677419356 0.022623828647925035 0.08736559139784945
78  0.15528781793842034 0.29838709677419356 0.013922356091030789 0.08736559139784945
78  0.1713520749665328 0.29838709677419356 0.01566265060240964 0.08736559139784945
79  0.20080321285140562 0.29838709677419356 0.022623828647925035 0.08736559139784945
87  0.2182061579651941 0.29838709677419356 0.022623828647925035 0.08736559139784945
79  0.23694779116465864 0.29838709677419356 0.022623828647925035 0.08736559139784945
87  0.2556894243641232 0.29838709677419356 0.020883534136546183 0.08736559139784945
83  0.7576974564926372 0.6129032258064516 0.022623828647925035 0.07338709677419356
78  0.7777777777777778 0.6129032258064516 0.020883534136546183 0.07338709677419356
82  0.7938420348058902 0.6129032258064516 0.026104417670682733 0.07338709677419356
86  0.8139223560910308 0.6129032258064516 0.024364123159303884 0.07338709677419356
87  0.8326639892904953 0.6129032258064516 0.024364123159303884 0.07338709677419356
81  0.8500669344042838 0.6129032258064516 0.026104417670682733 0.07338709677419356
83  0.8688085676037484 0.6129032258064516 0.024364123159303884 0.07338709677419356
82  0.8862115127175368 0.6129032258064516 0.022623828647925035 0.07338709677419356
85  0.9049531459170014 0.6129032258064516 0.024364123159303884 0.07338709677419356
