2  0.058902275769745646 0.14516129032258066 0.022008032128514057 0.09032258064516129
9  0.07764390896921017 0.14516129032258066 0.0256760374832664 0.09032258064516129
12  0.10307898259705489 0.14516129032258066 0.02751004016064257 0.09032258064516129
15  0.12717536813922356 0.14516129032258066 0.02751004016064257 0.09032258064516129
32  0.15528781793842034 0.14516129032258066 0.029344042838018742 0.09032258064516129
19  0.18206157965194109 0.14516129032258066 0.020174029451137887 0.09032258064516129
9  0.2034805890227577 0.14516129032258066 0.033012048192771086 0.09032258064516129
22  0.23427041499330656 0.14516129032258066 0.02751004016064257 0.09032258064516129
0  0.2556894243641232 0.14516129032258066 0.02384203480589023 0.09032258064516129
19  0.2797858099062918 0.14516129032258066 0.022008032128514057 0.09032258064516129
12  0.2958500669344043 0.1478494623655914 0.022008032128514057 0.09032258064516129
15  0.31860776439089694 0.1478494623655914 0.0256760374832664 0.09032258064516129
14  0.3413654618473896 0.1478494623655914 0.0256760374832664 0.09032258064516129
2  0.38821954484605087 0.1478494623655914 0.020174029451137887 0.09032258064516129
0  0.4109772423025435 0.1478494623655914 0.0256760374832664 0.09032258064516129
22  0.4350736278447122 0.1478494623655914 0.022008032128514057 0.09032258064516129
25  0.46318607764390896 0.1478494623655914 0.045850066934404285 0.09032258064516129
24  0.05756358768406961 0.21774193548387097 0.018340026773761713 0.1032258064516129
13  0.07764390896921017 0.21774193548387097 0.0256760374832664 0.1032258064516129
25  0.12583668005354753 0.21774193548387097 0.045850066934404285 0.1032258064516129
2  0.1606425702811245 0.21774193548387097 0.022008032128514057 0.1032258064516129
0  0.18206157965194109 0.21774193548387097 0.0256760374832664 0.1032258064516129
22  0.20481927710843373 0.21774193548387097 0.02384203480589023 0.1032258064516129
25  0.23694779116465864 0.21774193548387097 0.04768406961178046 0.1032258064516129
11  0.26506024096385544 0.22043010752688172 0.029344042838018742 0.1032258064516129
20  0.2891566265060241 0.22043010752688172 0.022008032128514057 0.1032258064516129
24  0.3092369477911647 0.22043010752688172 0.022008032128514057 0.1032258064516129
24  0.3413654618473896 0.22043010752688172 0.0128380187416332 0.1032258064516129
17  0.3507362784471218 0.22043010752688172 0.029344042838018742 0.1032258064516129
20  0.3654618473895582 0.22043010752688172 0.011004016064257029 0.1032258064516129
13  0.40562248995983935 0.22043010752688172 0.09536813922356092 0.1032258064516129
9  0.4524765729585007 0.22311827956989247 0.033012048192771086 0.1032258064516129
25  0.04551539491298527 0.7419354838709677 0.02751004016064257 0.10967741935483871
2  0.0749665327978581 0.739247311827957 0.029344042838018742 0.10967741935483871
11  0.09906291834002677 0.739247311827957 0.02384203480589023 0.10967741935483871
4  0.12048192771084337 0.739247311827957 0.020174029451137887 0.10967741935483871
4  0.1566265060240964 0.7365591397849462 0.029344042838018742 0.10967741935483871
0  0.18206157965194109 0.7365591397849462 0.022008032128514057 0.10967741935483871
17  0.1994645247657296 0.7365591397849462 0.014672021419009371 0.10967741935483871
14  0.23293172690763053 0.7365591397849462 0.029344042838018742 0.10967741935483871
15  0.2583668005354752 0.7338709677419355 0.0256760374832664 0.10967741935483871
38  0.285140562248996 0.7338709677419355 0.0256760374832664 0.10967741935483871
9  0.30522088353413657 0.7338709677419355 0.02384203480589023 0.10967741935483871
32  0.3319946452476573 0.7338709677419355 0.0256760374832664 0.10967741935483871
9  0.3534136546184739 0.7311827956989247 0.018340026773761713 0.10967741935483871
2  0.3868808567603748 0.7311827956989247 0.0256760374832664 0.10967741935483871
0  0.4069611780455154 0.7311827956989247 0.02384203480589023 0.10967741935483871
22  0.43373493975903615 0.7311827956989247 0.022008032128514057 0.10967741935483871
25  0.45113788487282463 0.728494623655914 0.014672021419009371 0.10967741935483871
79  0.7523427041499331 0.5967741935483871 0.026104417670682733 0.07688172043010753
86  0.7710843373493976 0.5967741935483871 0.026104417670682733 0.07688172043010753
82  0.7898259705488622 0.5967741935483871 0.026104417670682733 0.07688172043010753
87  0.8072289156626506 0.5967741935483871 0.026104417670682733 0.07688172043010753
85  0.8246318607764391 0.5994623655913979 0.024364123159303884 0.07688172043010753
78  0.8406961178045516 0.5994623655913979 0.019143239625167334 0.07688172043010753
83  0.8621151271753681 0.5994623655913979 0.024364123159303884 0.07688172043010753
86  0.8781793842034806 0.5994623655913979 0.026104417670682733 0.07688172043010753
80  0.8969210174029452 0.6021505376344086 0.024364123159303884 0.07688172043010753
